0.789848
0.792832
0.794284
0.795166
0.790880
0.794271
0.794514
0.794389
0.796886
0.793392
0.792522
0.808022
0.816182
0.803022
0.823062
0.848018
0.876240
0.891146
0.859357
0.885978
0.903515
0.888906
0.877535
0.923451
0.928668
0.931711
0.938914
0.944309
0.943078
0.928110
0.906311
0.883238
0.877560
0.887152
0.901990
0.892387
0.888966
0.895769
0.897644
0.892543
0.886211
0.867003
0.864032
0.882092
0.871160
0.881690
0.887629
0.865582
0.880287
0.902009
0.882946
0.890289
0.873238
0.872744
0.869688
0.846084
0.853145
0.853398
0.855200
0.844129
0.848703
0.868703
0.867364
0.844559
0.857072
0.854211
0.836807
0.832315
0.830946
0.829743
0.836496
0.827958
0.839830
0.839094
0.830365
0.838115
0.823358
0.826844
0.846995
0.842889
0.829135
0.838431
0.838205
0.848960
0.855425
0.852074
0.866746
0.879015
0.841696
0.862586
0.855073
0.860169
0.883951
0.876227
0.880404
0.895899
0.902790
0.898827
0.886316
0.907263
0.913729
0.898539
0.879488
0.895376
0.895852
0.887668
0.886588
0.901628
0.895343
0.911015
0.883620
0.875912
0.882055
0.877564
0.890893
0.896108
0.887558
0.903193
0.900996
0.882431
0.872664
0.871572
0.876723
0.882353
0.884605
0.869587
0.882433
0.874389
0.867680
0.861651
0.859874
0.874367
0.883112
0.868863
0.887409
0.884280
0.886752
0.884529
0.893965
0.890789
0.892840
0.883783
0.882161
0.887382
0.892101
0.898706
0.890779
0.886984
0.894761
0.896011
0.898148
0.888055
0.875101
0.879838
0.885929
0.876086
0.884513
0.893130
0.879886
0.878017
0.882432
0.880193
0.862694
0.873196
0.876682
0.880403
0.873303
0.867862
0.869602
0.883737
0.885230
0.889506
0.879641
0.878209
0.888808
0.889991
0.885443
0.872159
0.872199
0.885885
0.881626
0.871586
0.880359
0.877250
0.878272
0.869039
0.877364
0.875997
0.867182
0.852870
0.856533
0.875936
0.875903
0.875825
0.886667
0.886406
0.878155
0.865843
0.873437
0.867149
0.865216
0.869172
0.882100
0.881979
0.875278
0.867134
0.873104
0.871189
0.877978
0.862358
0.868021
0.871218
0.870115
0.879307
0.880314
0.888060
0.888954
0.884047
0.875666
0.876262
0.878287
0.868076
0.876156
0.881500
0.888947
0.869927
0.869991
0.883361
0.886713
0.879871
0.877710
0.881113
0.888199
0.873593
0.872707
0.877415
0.895646
0.899136
0.897517
0.873999
0.867000
0.888682
0.884139
0.871651
0.884454
0.887962
0.887017
0.868112
0.894000
0.905296
0.894505
0.882693
0.894411
0.892356
0.896898
0.903156
0.905731
0.895687
0.883370
0.898918
0.892055
0.909378
0.899148
0.899764
0.902974
0.898873
0.891532
0.890365
0.888295
0.886873
0.884935
0.892775
0.886388
0.896717
0.886959
0.886223
0.887648
0.882422
0.879392
0.877344
0.885377
0.890703
0.880351
0.883683
0.876239
0.890376
0.887412
0.882976
0.883684
0.881414
0.882184
0.874605
0.875340
0.876088
0.874439
0.876460
0.887553
0.871892
0.865951
0.848367
0.855782
0.866231
0.854231
0.849747
0.859925
0.850568
0.864542
0.859559
0.848821
0.860533
0.853565
0.848222
0.853490
0.857630
0.840793
0.842526
0.848424
0.852835
0.843411
0.836946
0.841642
0.838150
0.834375
0.844485
0.841147
0.837027
0.833238
0.839348
0.841831
0.847655
0.827861
0.833484
0.840371
0.844125
0.841243
0.843259
0.836462
0.848566
0.844480
0.852673
0.853408
0.844360
0.838931
0.845223
0.845339
0.848970
0.855998
0.850032
0.852212
0.847721
0.845098
0.848214
0.842038
0.850140
0.863752
0.858966
0.857490
0.854110
0.854870
0.863468
0.863152
0.862699
0.860196
0.861816
0.853970
0.856945
0.868160
0.862413
0.863434
0.870812
0.873978
0.870023
0.866091
0.885268
0.885076
0.875427
0.888203
0.888160
0.892455
0.892959
0.897156
0.901862
0.906774
0.895413
0.885415
0.885109
0.881904
0.878976
0.892385
0.881596
0.890387
0.889712
0.882243
0.883318
0.882532
0.872382
0.878059
0.875213
0.869122
0.858219
0.866528
0.867532
0.856054
0.852698
0.858191
0.867144
0.856522
0.851006
0.834421
0.839798
0.843214
0.845559
0.846563
0.840817
0.839496
0.850366
0.848397
0.861266
0.845466
0.843939
0.847957
0.848224
0.840311
0.841488
0.846568
0.854306
0.839591
0.855204
0.864660
0.858703
0.853843
0.856100
0.848811
0.852419
0.850033
0.851641
0.852917
0.860278
0.858637
0.853483
0.859412
0.869936
0.861109
0.857533
0.857850
0.853281
0.842190
0.863498
0.861764
0.856919
0.854263
0.855908
0.855682
0.860556
0.851111
0.849163
0.846049
0.861001
0.850918
0.852961
0.859395
0.870681
0.877320
0.892791
0.887663
0.884542
0.868869
0.878758
0.878943
0.882012
0.867516
0.875410
0.890588
0.892975
0.891750
0.873513
0.882427
0.884962
0.882859
0.865607
0.871132
0.867071
0.884713
0.892837
0.898688
0.883589
0.877427
0.885550
0.891873
0.883306
0.886751
0.877705
0.877293
0.897045
0.878246
0.889853
0.906127
0.911010
0.919755
0.910311
0.917145
0.909386
0.913654
0.915001
0.924267
0.942406
0.943262
0.930098
0.910288
0.902995
0.922717
0.924336
0.922768
0.904380
0.938879
0.940555
0.916850
0.932928
0.950155
0.956913
0.964473
0.962374
0.960822
0.950297
0.953346
0.964882
0.951954
0.947556
0.949205
0.943135
0.928786
0.907315
0.875852
0.869450
0.871421
0.852532
0.824708
0.808183
0.800722
0.804607
0.806383
0.796298
0.795079
0.794804
0.792021
0.789087
0.789256
0.792955
0.793368
0.792841
0.792855
0.797995
0.800657
0.794506
0.791975
0.802476
0.808207
0.807797
0.791712
0.792647
0.799859
0.802404
0.809056
0.806256
0.803025
0.798473
0.794862
0.792051
0.791451
0.789628
0.792999
0.792510
0.793901
0.800438
0.793721
0.801721
0.796481
0.802916
0.809509
0.800741
0.795953
0.799082
0.801138
0.799596
0.799453
0.811652
0.806293
0.798647
0.795544
0.795568
0.791752
0.800651
0.797619
0.798230
0.800238
0.797264
0.800747
0.806904
0.810595
0.813486
0.801944
0.798429
0.795874
0.793974
0.798044
0.794465
0.792878
0.793998
0.792716
0.796259
0.798196
0.795486
0.794742
0.800799
0.803067
0.797956
0.795002
0.795651
0.801624
0.804246
0.804174
0.806882
0.809233
0.803792
0.794995
0.795880
0.795451
0.796176
0.794805
0.793499
0.797790
0.808392
0.794009
0.797984
0.808115
0.798046
0.796909
0.801644
0.796788
0.798430
0.796044
0.796252
0.802066
0.798234
0.795497
0.791589
0.790363
0.786312
0.785873
0.784775
0.783363
0.784508
0.788239
0.784710
0.782732
0.774548
0.785753
0.787012
0.786328
0.763788
0.784535
0.786799
0.784313
0.771516
0.783580
0.786357
0.784358
0.774304
0.787632
0.782104
0.786328
0.784547
0.782548
0.786782
0.785250
0.783234
0.785987
0.784423
0.786141
0.744465
0.755495
0.768495
0.768558
0.773568
0.759439
0.716234
0.760098
0.722791
0.713992
0.695695
0.740199
0.719637
0.691049
0.673901
0.703057
0.685311
0.723569
0.698556
0.718089
0.722407
0.667063
0.648182
0.698887
0.661743
0.640868
0.643077
0.662376
0.697893
0.633526
0.640082
0.679735
0.632554
0.666605
0.668913
0.645180
0.666954
0.659847
0.703569
0.705657
0.671252
0.657051
0.676414
0.652051
0.648680
0.605087
0.581664
0.607444
0.627253
0.580063
0.589461
0.596345
0.606970
0.600593
0.584787
0.610902
0.614216
0.592345
0.604054
0.643525
0.658539
0.634087
0.646528
0.689566
0.652403
0.631560
0.603434
0.605976
0.667085
0.701620
0.696127
0.698084
0.702481
0.724658
0.722462
0.697474
0.718645
0.686869
0.695652
0.703294
0.712730
0.703027
0.687660
0.684529
0.689198
0.680079
0.655229
0.619732
0.602516
0.603329
0.607817
0.607166
0.616277
0.627128
0.632103
0.602852
0.600123
0.606630
0.580982
0.574946
0.591902
0.608434
0.597159
0.579084
0.601762
0.626958
0.601352
0.573636
0.574286
0.565304
0.576728
0.575541
0.562677
0.565331
0.577373
0.568747
0.567710
0.563958
0.574914
0.571587
0.564449
0.555860
0.558705
0.557054
0.557071
0.544603
0.543800
0.545966
0.533176
0.527901
0.532922
0.525464
0.529827
0.516224
0.506986
0.493126
0.490259
0.488891
0.478247
0.473970
0.471984
0.474044
0.478892
0.482292
0.486106
0.482212
0.465019
0.458533
0.454330
0.441239
0.444584
0.446807
0.449335
0.461906
0.468563
0.461477
0.456241
0.459187
0.448160
0.442840
0.453873
0.455802
0.459941
0.459762
0.461952
0.454095
0.450298
0.451624
0.452802
0.453387
0.453342
0.456227
0.446722
0.443833
0.444992
0.444152
0.445293
0.453674
0.459937
0.465417
0.468092
0.468905
0.462668
0.461653
0.454141
0.453830
0.463440
0.460479
0.464812
0.470608
0.465745
0.467664
0.467137
0.467647
0.463125
0.460650
0.459320
0.457479
0.457628
0.451989
0.449837
0.450545
0.452292
0.455626
0.462309
0.472138
0.476953
0.477524
0.472073
0.468699
0.474726
0.468991
0.468913
0.475087
0.476787
0.476627
0.476795
0.476323
0.474972
0.481152
0.481691
0.483317
0.485507
0.484880
0.480202
0.476987
0.474893
0.474933
0.475534
0.474764
0.474341
0.480602
0.482598
0.481453
0.489897
0.489471
0.487254
0.485279
0.480389
0.477350
0.479428
0.481581
0.483589
0.488283
0.492155
0.491150
0.490692
0.490887
0.487038
0.485455
0.487763
0.489455
0.488713
0.487399
0.484252
0.477961
0.478152
0.481237
0.475864
0.475232
0.476925
0.473833
0.474840
0.478961
0.479058
0.480720
0.480824
0.481042
0.479424
0.473625
0.478091
0.481982
0.481561
0.485075
0.483331
0.478671
0.481225
0.476575
0.472827
0.471039
0.465558
0.471108
0.477081
0.480681
0.487188
0.486986
0.489447
0.488008
0.487664
0.490115
0.492210
0.488575
0.485518
0.483317
0.489699
0.489660
0.491398
0.498654
0.493010
0.490507
0.489907
0.488608
0.488474
0.487165
0.487580
0.489233
0.490769
0.489505
0.495126
0.495296
0.495594
0.498602
0.491780
0.487526
0.488611
0.488803
0.486977
0.488515
0.488324
0.492330
0.496480
0.493943
0.498003
0.495652
0.490195
0.488467
0.486733
0.481556
0.484636
0.488907
0.490280
0.489609
0.492835
0.487255
0.482148
0.483537
0.479275
0.473858
0.474403
0.472634
0.469623
0.472787
0.473619
0.471430
0.472478
0.474425
0.471752
0.471184
0.474451
0.472782
0.470644
0.472626
0.471879
0.475057
0.474170
0.474308
0.478685
0.473454
0.470504
0.468377
0.467978
0.464470
0.467904
0.472122
0.477426
0.482064
0.484697
0.486010
0.483438
0.480168
0.477525
0.480270
0.479338
0.480697
0.481387
0.480172
0.486454
0.491169
0.490931
0.490449
0.488809
0.482415
0.484577
0.489452
0.487107
0.487910
0.490371
0.488109
0.492409
0.500173
0.503242
0.501158
0.498626
0.492679
0.491618
0.495137
0.498290
0.498868
0.502499
0.504674
0.507015
0.502428
0.504027
0.500153
0.497675
0.494506
0.494993
0.499894
0.501464
0.500975
0.501626
0.500922
0.500225
0.501644
0.498932
0.493696
0.493798
0.493850
0.491811
0.495381
0.498926
0.499173
0.497758
0.495231
0.492367
0.496087
0.494569
0.494303
0.494544
0.491891
0.494254
0.497424
0.499565
0.497773
0.497505
0.497832
0.496903
0.495325
0.502397
0.499217
0.496265
0.497073
0.494202
0.495744
0.494371
0.493106
0.492558
0.490459
0.490163
0.496972
0.498951
0.500463
0.503310
0.502019
0.502917
0.509320
0.512222
0.513691
0.514567
0.516657
0.524499
0.526319
0.525614
0.524734
0.522025
0.519551
0.519316
0.518915
0.522149
0.520327
0.518049
0.519623
0.519703
0.518994
0.521522
0.521022
0.522848
0.522905
0.525920
0.528207
0.523142
0.523307
0.525876
0.526453
0.529656
0.534212
0.533078
0.536525
0.535556
0.537226
0.538770
0.539503
0.537915
0.544261
0.545202
0.549692
0.553475
0.560777
0.559035
0.558523
0.557131
0.556677
0.557934
0.555276
0.555039
0.568947
0.575307
0.567646
0.557250
0.569009
0.576039
0.586724
0.601414
0.625081
0.630334
0.600107
0.610427
0.617506
0.607805
0.611219
0.628923
0.610984
0.591372
0.584076
0.629853
0.617982
0.603487
0.624302
0.628002
0.604483
0.607184
0.599133
0.608069
0.617500
0.634746
0.643560
0.658257
0.623607
0.638271
0.621631
0.612309
0.626127
0.617135
0.605979
0.610208
0.603351
0.586518
0.592084
0.596501
0.590809
0.594839
0.621100
0.641573
0.638946
0.630845
0.654157
0.628772
0.606941
0.631319
0.636281
0.640815
0.635545
0.646574
0.646443
0.650853
0.663252
0.661958
0.674203
0.669008
0.662570
0.682014
0.704665
0.700141
0.715554
0.701165
0.683771
0.666903
0.687956
0.698272
0.693660
0.670181
0.676412
0.687694
0.656334
0.628030
0.617948
0.599255
0.603169
0.633731
0.602375
0.605803
0.584587
0.597709
0.587653
0.569117
0.567170
0.554737
0.543390
0.542858
0.543848
0.557861
0.564191
0.563569
0.578799
0.578004
0.554310
0.549055
0.564227
0.571684
0.585821
0.587449
0.606942
0.632490
0.594475
0.560398
0.577646
0.583099
0.574275
0.539623
0.554046
0.592611
0.593669
0.551146
0.557365
0.571814
0.556917
0.554942
0.551973
0.534644
0.526949
0.526623
0.525582
0.535003
0.518257
0.516040
0.512560
0.514398
0.512924
0.537628
0.547532
0.561288
0.564432
0.569377
0.575569
0.574119
0.566473
0.592932
0.645893
0.657241
0.691418
0.712760
0.703922
0.723492
0.756534
0.729912
0.726331
0.760313
0.718579
0.702331
0.718691
0.735589
0.758851
0.706551
0.740552
0.692602
0.698947
0.690780
0.624970
0.615394
0.623228
0.606129
0.615878
0.632905
0.629560
0.646768
0.640025
0.621486
0.631965
0.624491
0.641083
0.646871
0.658059
0.644613
0.631684
0.645582
0.636682
0.617160
0.650252
0.662684
0.660282
0.642225
0.635659
0.655283
0.696676
0.697891
0.712577
0.705449
0.701205
0.741361
0.737256
0.746147
0.754101
0.736555
0.724980
0.692165
0.737490
0.750839
0.734264
0.730643
0.717005
0.722202
0.743283
0.719313
0.757746
0.760558
0.781074
0.784940
0.783334
0.772474
0.766471
0.778874
0.760092
0.748811
0.752377
0.747938
0.750751
0.742792
0.723614
0.709275
0.672635
0.732428
0.689389
0.631880
0.666428
0.720848
0.677359
0.678984
0.681693
0.696591
0.693493
0.684044
0.666819
0.678095
0.681698
0.645595
0.656939
0.700841
0.704703
0.669463
0.665316
0.667008
0.681758
0.670380
0.643148
0.637182
0.651850
0.630393
0.649167
0.633383
0.661526
0.667305
0.647204
0.670610
0.691668
0.707809
0.739596
0.722336
0.710297
0.732968
0.743297
0.771348
0.738401
0.738012
0.757093
0.776983
0.717341
0.677498
0.664885
0.654634
0.649402
0.710380
0.655248
0.664336
0.642760
0.639666
0.659201
0.588445
0.606923
0.639772
0.613563
0.628142
0.629472
0.635485
0.640409
0.620035
0.615233
0.656478
0.643563
0.611950
0.622420
0.642478
0.654628
0.634318
0.635596
0.702798
0.699034
0.670183
0.646030
0.663440
0.655894
0.692714
0.678645
0.665362
0.649778
0.643391
0.619535
0.634418
0.586115
0.577665
0.577495
0.572597
0.565517
0.554342
0.546574
0.551135
0.559733
0.568818
0.587270
0.564690
0.548561
0.550646
0.546957
0.557723
0.566947
0.568587
0.597649
0.611878
0.598876
0.597806
0.595202
0.599890
0.597209
0.628298
0.642253
0.654989
0.627484
0.611484
0.639326
0.640453
0.622298
0.633681
0.612220
0.598912
0.593221
0.592549
0.612838
0.592773
0.586358
0.595286
0.603822
0.580676
0.581323
0.587729
0.583654
0.589569
0.587957
0.577956
0.569928
0.555673
0.559731
0.567257
0.564971
0.567295
0.576813
0.589341
0.594788
0.585123
0.577005
0.592697
0.597097
0.592988
0.597641
0.602794
0.601197
0.608841
0.604737
0.610842
0.598921
0.599118
0.584700
0.584781
0.567248
0.567711
0.568683
0.568055
0.569656
0.576074
0.582677
0.584519
0.579169
0.585341
0.592581
0.593740
0.589892
0.598577
0.593237
0.582453
0.581018
0.588186
0.579781
0.578317
0.587814
0.587101
0.579227
0.572867
0.573267
0.572005
0.562892
0.563711
0.567946
0.570214
0.571484
0.564816
0.572048
0.572543
0.566994
0.564528
0.568551
0.565200
0.569594
0.565709
0.566723
0.567303
0.568480
0.564230
0.557182
0.553843
0.551365
0.550990
0.555661
0.558922
0.560141
0.558235
0.557676
0.556205
0.554848
0.549854
0.549190
0.550618
0.553354
0.556367
0.552659
0.556124
0.559484
0.561215
0.556983
0.551256
0.547274
0.553973
0.553918
0.562091
0.562022
0.559654
0.557865
0.558650
0.555404
0.557742
0.563181
0.571067
0.571683
0.563765
0.563001
0.561912
0.561526
0.559204
0.566984
0.556370
0.560761
0.549422
0.556821
0.560698
0.567897
0.569275
0.576114
0.563207
0.570347
0.567139
0.572414
0.553913
0.555281
0.559176
0.578051
0.558971
0.560458
0.565294
0.562962
0.554693
0.565745
0.562228
0.560046
0.561850
0.564503
0.561729
0.565676
0.583269
0.581114
0.579671
0.586591
0.580764
0.580234
0.569865
0.575231
0.571010
0.574690
0.573538
0.573448
0.571894
0.577169
0.573187
0.573764
0.577765
0.574245
0.573879
0.576863
0.572877
0.580394
0.587096
0.583833
0.591972
0.596859
0.595293
0.590028
0.592900
0.593417
0.595777
0.586923
0.578884
0.578480
0.579716
0.578899
0.570008
0.571273
0.571986
0.572236
0.575475
0.566273
0.569232
0.579116
0.574492
0.570445
0.570474
0.579278
0.577950
0.569435
0.574741
0.570863
0.570200
0.560429
0.567127
0.570781
0.576997
0.580818
0.573333
0.578093
0.573632
0.576287
0.583636
0.579542
0.572496
0.583746
0.581509
0.570855
0.566024
0.570508
0.569240
0.576443
0.568651
0.581796
0.584074
0.582271
0.581956
0.575055
0.591999
0.598703
0.593271
0.595748
0.600876
0.610496
0.606998
0.606454
0.626210
0.627157
0.636398
0.639733
0.636523
0.634148
0.630780
0.634340
0.631287
0.641124
0.631664
0.639009
0.650285
0.638546
0.638768
0.645989
0.652920
0.646229
0.635060
0.627930
0.641435
0.626596
0.630783
0.640637
0.656790
0.643346
0.632249
0.629832
0.650577
0.638780
0.629602
0.633375
0.639215
0.637168
0.638835
0.630613
0.636514
0.643634
0.640690
0.632209
0.632849
0.618029
0.623008
0.625741
0.612892
0.635165
0.630367
0.619474
0.621252
0.621460
0.621606
0.627890
0.620026
0.613121
0.616303
0.626845
0.628339
0.628719
0.627999
0.625105
0.621159
0.616441
0.617597
0.621402
0.617159
0.626764
0.619334
0.613187
0.620843
0.609803
0.616472
0.620583
0.611180
0.622554
0.622735
0.610009
0.615233
0.609284
0.606710
0.607661
0.607106
0.610893
0.620035
0.607021
0.620158
0.613819
0.614854
0.624431
0.630766
0.629257
0.632930
0.630943
0.643179
0.638550
0.624262
0.636943
0.650724
0.646746
0.630194
0.620988
0.627301
0.637811
0.617717
0.624842
0.633529
0.632599
0.632511
0.630432
0.627005
0.627551
0.627652
0.632470
0.637303
0.628090
0.629155
0.625416
0.622407
0.651746
0.666377
0.690779
0.711163
0.673459
0.684165
0.687559
0.686931
0.715707
0.733539
0.676335
0.675040
0.696779
0.729487
0.700555
0.677691
0.707224
0.704511
0.667603
0.675906
0.667381
0.657167
0.671284
0.684775
0.663985
0.650440
0.664722
0.653691
0.638155
0.650328
0.669490
0.672249
0.678736
0.664572
0.685738
0.702593
0.682733
0.682246
0.689942
0.679554
0.674800
0.654330
0.671847
0.697059
0.666056
0.652307
0.646976
0.649052
0.688922
0.642281
0.623882
0.646869
0.654380
0.665450
0.663468
0.652266
0.662024
0.655598
0.678244
0.714062
0.735335
0.684243
0.666257
0.651129
0.664751
0.624785
0.636875
0.647246
0.680079
0.665612
0.642499
0.658487
0.660945
0.625719
0.649682
0.658087
0.670198
0.683090
0.653946
0.643979
0.680251
0.700969
0.685640
0.698203
0.701905
0.695227
0.679436
0.646528
0.669246
0.661315
0.663606
0.686668
0.683244
0.686022
0.693478
0.665664
0.681702
0.681659
0.680919
0.693768
0.697618
0.685207
0.706882
0.705481
0.714306
0.707261
0.695048
0.689535
0.686005
0.667512
0.685467
0.678850
0.680299
0.668334
0.668389
0.689399
0.711520
0.734519
0.760926
0.787213
0.784265
0.787427
0.788937
0.787696
0.797353
0.797154
0.791519
0.794254
0.797556
0.791059
0.791276
0.793471
0.790421
0.786379
0.773784
0.784362
0.762260
0.749322
0.768403
0.783058
0.731181
0.783766
0.785654
0.774464
0.770645
0.762722
0.770760
0.773161
0.757304
0.773457
0.744256
0.754046
0.755210
0.706592
0.709645
0.732170
0.704036
0.706733
0.734756
0.711354
0.762281
0.756392
0.762780
0.740569
0.755196
0.761284
0.758729
0.769618
0.770425
0.758998
0.789281
0.786849
0.767691
0.757346
0.769434
0.720435
0.783995
0.757130
0.761154
0.772573
0.761632
0.785502
0.779110
0.733609
0.743935
0.757571
0.722171
0.730665
0.722443
0.704182
0.734219
0.712145
0.724773
0.729468
0.728958
0.747056
0.732553
0.731839
0.720492
0.699467
0.714649
0.714930
0.720660
0.709740
0.684931
0.660936
0.641722
0.689207
0.670177
0.705303
0.694968
0.680984
0.662873
0.663962
0.681348
0.670246
0.672614
0.704117
0.708061
0.688698
0.656695
0.664961
0.692887
0.695535
0.688477
0.675134
0.674332
0.677768
0.678877
0.664042
0.670439
0.676378
0.671588
0.667511
0.676434
0.675772
0.697393
0.678481
0.683491
0.684689
0.695210
0.689288
0.710253
0.721654
0.735301
0.739124
0.730255
0.718424
0.744702
0.736856
0.718905
0.733099
0.730159
0.710246
0.693674
0.696970
0.705892
0.708646
0.689155
0.675084
0.642383
0.655209
0.628173
0.640595
0.672020
0.666549
0.692211
0.719836
0.696735
0.697904
0.714158
0.743458
0.713251
0.684128
0.708099
0.707853
0.672460
0.656841
0.671845
0.713409
0.682532
0.644271
0.630603
0.649311
0.617531
0.604321
0.603773
0.636193
0.698725
0.689478
0.662325
0.693270
0.702134
0.706361
0.686912
0.698914
0.707332
0.692019
0.634830
0.645005
0.673957
0.648896
0.664937
0.690446
0.686591
0.654668
0.630751
0.621898
0.624587
0.662539
0.678347
0.687553
0.698384
0.694600
0.685679
0.700083
0.700732
0.708242
0.706349
0.698127
0.711323
0.699372
0.702278
0.714137
0.709603
0.708542
0.705621
0.703227
0.702739
0.683066
0.689823
0.682162
0.700608
0.690362
0.687204
0.692187
0.682007
0.671321
0.692508
0.684419
0.685909
0.671551
0.682866
0.685397
0.674584
0.660108
0.676547
0.659555
0.679430
0.684688
0.692399
0.687541
0.684246
0.700720
0.697587
0.690778
0.722364
0.699608
0.689184
0.688043
0.704854
0.729543
0.712144
0.707904
0.727432
0.713265
0.689745
0.694304
0.691490
0.689147
0.699284
0.713881
0.711710
0.710373
0.700948
0.711036
0.700147
0.710734
0.705017
0.701887
0.708779
0.703868
0.698815
0.705993
0.700614
0.706991
0.701247
0.705522
0.712418
0.714770
0.701662
0.699826
0.708991
0.702251
0.693282
0.690686
0.697733
0.704974
0.698185
0.703199
0.705101
0.697847
0.687987
0.694212
0.681174
0.700406
0.676644
0.689703
0.690770
0.687389
0.683870
0.692741
0.676645
0.697738
0.693276
0.687727
0.695036
0.688641
0.687704
0.697742
0.705806
0.704977
0.676481
0.673793
0.696852
0.675086
0.687501
0.682033
0.676838
0.702559
0.704610
0.695960
0.676193
0.690824
0.691318
0.689510
0.701976
0.689581
0.668587
0.690617
0.684740
0.671525
0.682119
0.691761
0.674569
0.684893
0.662443
0.669534
0.663792
0.668877
0.666375
0.668377
0.689971
0.698679
0.669634
0.679278
0.698507
0.690397
0.692036
0.672115
0.685415
0.699899
0.676936
0.681826
0.698709
0.708644
0.692389
0.675520
0.700232
0.704891
0.716734
0.683493
0.702591
0.709924
0.695003
0.673720
0.705847
0.693894
0.703199
0.692298
0.691885
0.667965
0.691166
0.665071
0.671319
0.685531
0.672986
0.682617
0.655828
0.653999
0.665630
0.654345
0.682077
0.684570
0.676207
0.675396
0.673878
0.670642
0.664259
0.669688
0.662493
0.659891
0.676212
0.682850
0.670011
0.675875
0.673957
0.658577
0.675679
0.676322
0.674254
0.676881
0.676354
0.667169
0.674947
0.672595
0.674245
0.681402
0.684701
0.686299
0.686623
0.674198
0.670383
0.667125
0.673513
0.683053
0.675143
0.666922
0.675844
0.672816
0.662235
0.673401
0.664418
0.665508
0.675447
0.673683
0.672914
0.680175
0.679220
0.692279
0.680975
0.677860
0.693620
0.691558
0.686077
0.692459
0.692950
0.694903
0.687303
0.686078
0.688696
0.703171
0.691447
0.691062
0.699520
0.702489
0.712829
0.693925
0.699533
0.703056
0.704040
0.707011
0.707248
0.709565
0.692460
0.695356
0.703686
0.704661
0.702385
0.695354
0.696135
0.699612
0.685265
0.687106
0.693430
0.691605
0.682839
0.684836
0.695130
0.705167
0.699672
0.703408
0.720270
0.719009
0.722095
0.720495
0.725661
0.729710
0.730744
0.740666
0.744374
0.737171
0.721573
0.738384
0.744503
0.734582
0.719850
0.708655
0.734141
0.732907
0.721885
0.723019
0.730956
0.741858
0.732187
0.725954
0.730508
0.738240
0.724455
0.732155
0.738422
0.745732
0.742316
0.734791
0.746846
0.755967
0.752510
0.748339
0.725909
0.752000
0.764528
0.763566
0.761556
0.774571
0.761620
0.767184
0.767859
0.768629
0.772219
0.764134
0.760743
0.768977
0.777211
0.770246
0.767303
0.763435
0.775636
0.783153
0.764832
0.773536
0.784864
0.764424
0.774450
0.781948
0.778466
0.771250
0.765116
0.768251
0.776104
0.769391
0.760724
0.763989
0.761000
0.760240
0.767128
0.755511
0.759838
0.761646
0.765927
0.760576
0.760597
0.764075
0.757423
0.763717
0.777274
0.768384
0.762481
0.767661
0.770682
0.773353
0.772585
0.783401
0.774959
0.752189
0.773191
0.776466
0.771298
0.752016
0.749074
0.777755
0.773212
0.758716
0.759583
0.766433
0.748430
0.755655
0.743188
0.742810
0.755279
0.750090
0.744768
0.752729
0.743655
0.745362
0.740823
0.741743
0.762112
0.759507
0.755248
0.743763
0.748365
0.766967
0.778170
0.784794
0.781523
0.766786
0.776253
0.785052
0.780087
0.784866
0.784630
0.783919
0.772016
0.756028
0.748642
0.748004
0.730234
0.738770
0.761144
0.771946
0.750407
0.736142
0.747621
0.758723
0.744985
0.749208
0.734107
0.749711
0.747667
0.720499
0.733055
0.748124
0.749887
0.774827
0.754020
0.752603
0.735867
0.739305
0.738165
0.739277
0.746456
0.758828
0.767806
0.761554
0.757150
0.752934
0.757534
0.757034
0.754296
0.770896
0.745078
0.694613
0.719332
0.718559
0.738974
0.732757
0.748466
0.759075
0.728054
0.655719
0.649582
0.566474
0.554336
0.559189
0.525382
0.485104
0.458150
0.402425
0.294922
0.403217
0.330264
0.455755
0.500710
0.504376
0.469075
0.451113
0.476370
0.484955
0.528040
0.570562
0.551223
0.534484
0.530568
0.513545
0.529516
0.494491
0.506434
0.525798
0.535693
0.527014
0.523830
0.524184
0.522840
0.526634
0.524929
0.512158
0.508102
0.504108
0.520367
0.534258
0.527500
0.531421
0.531869
0.517761
0.516036
0.521379
0.521963
0.521912
0.520942
0.523983
0.529381
0.518282
0.516337
0.509374
0.494342
0.487009
0.482218
0.477077
0.476515
0.477923
0.475601
0.470545
0.458624
0.452645
0.442024
0.433096
0.422032
0.402618
0.398841
0.399601
0.406434
0.410168
0.410943
0.413099
0.397615
0.385946
0.376617
0.362646
0.360808
0.373080
0.375659
0.374329
0.381193
0.382012
0.369404
0.356140
0.343354
0.347972
0.354837
0.359503
0.362336
0.372124
0.379361
0.382825
0.382786
0.385633
0.390970
0.384880
0.380006
0.381887
0.389878
0.396360
0.392133
0.388511
0.386439
0.385747
0.383276
0.379304
0.381924
0.382810
0.378270
0.385861
0.393696
0.402343
0.408760
0.409484
0.407364
0.415677
0.414797
0.410601
0.417781
0.415509
0.405185
0.410782
0.415110
0.416174
0.419792
0.420571
0.414298
0.417584
0.421478
0.420340
0.417996
0.405624
0.393867
0.395223
0.390521
0.397193
0.407949
0.400386
0.395080
0.400291
0.387647
0.388904
0.396378
0.387268
0.377156
0.366187
0.357972
0.352517
0.354586
0.365869
0.365850
0.370818
0.367553
0.370961
0.376275
0.381055
0.391796
0.402453
0.406355
0.402922
0.409198
0.410033
0.403129
0.399208
0.401865
0.399921
0.391611
0.394053
0.402977
0.409260
0.407674
0.399269
0.393651
0.391310
0.389809
0.385388
0.391738
0.398008
0.399783
0.392945
0.391524
0.389844
0.394925
0.399689
0.396377
0.393558
0.394100
0.390582
0.386584
0.381839
0.379331
0.384274
0.382495
0.366535
0.365738
0.366060
0.376153
0.380212
0.385455
0.386187
0.385280
0.385215
0.381344
0.378540
0.384405
0.386840
0.386253
0.391615
0.402317
0.403097
0.405847
0.408592
0.406990
0.401377
0.398855
0.392844
0.400948
0.401297
0.407215
0.412707
0.404295
0.392164
0.388929
0.378893
0.374439
0.365868
0.342387
0.328629
0.304169
0.305668
0.333680
0.347668
0.337035
0.334183
0.321304
0.309453
0.317742
0.325607
0.332975
0.337883
0.341452
0.326546
0.316084
0.332559
0.333549
0.327799
0.323769
0.323500
0.322567
0.313035
0.313171
0.318436
0.321077
0.326167
0.322773
0.321199
0.321691
0.319395
0.321311
0.325646
0.328088
0.330875
0.329336
0.325928
0.325157
0.323142
0.323104
0.327403
0.329155
0.328166
0.325403
0.327077
0.333298
0.338319
0.336335
0.336358
0.342068
0.345089
0.345653
0.344608
0.342321
0.338134
0.334651
0.327139
0.328907
0.332552
0.329617
0.320385
0.317045
0.314436
0.313145
0.316092
0.312130
0.313154
0.310119
0.310165
0.308505
0.308401
0.312718
0.312255
0.313340
0.314857
0.315318
0.315706
0.314985
0.312412
0.313454
0.312345
0.313074
0.313713
0.315834
0.312756
0.310619
0.313832
0.311743
0.314485
0.316522
0.315072
0.315112
0.315592
0.313507
0.311495
0.309146
0.309455
0.309008
0.308937
0.308464
0.307792
0.308152
0.308987
0.310312
0.310749
0.311502
0.311975
0.310567
0.310357
0.312489
0.312300
0.310681
0.311499
0.314176
0.314219
0.313894
0.315218
0.313213
0.314398
0.314415
0.315709
0.319407
0.320450
0.320936
0.320304
0.320970
0.320913
0.322702
0.322308
0.321176
0.324025
0.325358
0.324914
0.325334
0.321845
0.319065
0.323248
0.323236
0.321001
0.321734
0.316833
0.316225
0.314815
0.315569
0.327597
0.327450
0.319816
0.318817
0.316729
0.314668
0.314121
0.315749
0.318476
0.320476
0.320555
0.320315
0.318225
0.321689
0.323246
0.324522
0.328310
0.336264
0.340251
0.345727
0.351875
0.349256
0.347688
0.352514
0.357282
0.354113
0.354538
0.348647
0.347505
0.338944
0.333351
0.332351
0.341599
0.340248
0.328728
0.328085
0.323988
0.327842
0.330095
0.331286
0.329053
0.331432
0.331120
0.325766
0.330914
0.332310
0.328903
0.332800
0.336610
0.333483
0.336805
0.335422
0.332889
0.332241
0.328828
0.328757
0.332296
0.336766
0.335368
0.329000
0.323554
0.324657
0.327702
0.328176
0.326600
0.327052
0.328528
0.329387
0.330918
0.333302
0.337110
0.334898
0.336655
0.336821
0.338838
0.339451
0.340488
0.340256
0.339446
0.339585
0.345295
0.345471
0.342686
0.337790
0.340328
0.344080
0.340365
0.343970
0.345250
0.342874
0.344567
0.345034
0.346828
0.345344
0.348304
0.347633
0.345526
0.345882
0.350013
0.349648
0.344631
0.341664
0.340579
0.333931
0.331877
0.333367
0.326529
0.325421
0.322297
0.320809
0.324424
0.325590
0.321915
0.320974
0.318428
0.313902
0.312891
0.311682
0.307771
0.303610
0.309115
0.308779
0.313723
0.312093
0.312079
0.306257
0.302367
0.305994
0.305072
0.304439
0.305451
0.308949
0.309909
0.317888
0.318929
0.322074
0.323829
0.322618
0.319894
0.314622
0.318892
0.319122
0.319722
0.323177
0.320051
0.320330
0.324163
0.322575
0.324455
0.320387
0.319244
0.318249
0.315867
0.318327
0.317903
0.318129
0.318958
0.316796
0.310150
0.309198
0.309875
0.308180
0.308777
0.308412
0.308532
0.311702
0.313855
0.319283
0.327107
0.331377
0.335090
0.339288
0.339246
0.337649
0.336924
0.336619
0.336163
0.337672
0.339066
0.339383
0.342154
0.343202
0.344836
0.345710
0.345408
0.343057
0.343701
0.345087
0.344032
0.344210
0.347757
0.344965
0.343800
0.346373
0.345833
0.349115
0.354505
0.351584
0.349204
0.355205
0.351872
0.349919
0.351102
0.348007
0.346880
0.347234
0.342064
0.342870
0.342892
0.338574
0.341466
0.340581
0.338934
0.344076
0.345247
0.342453
0.346432
0.350253
0.352806
0.357047
0.361415
0.360050
0.362454
0.364445
0.365996
0.365063
0.363160
0.367246
0.372550
0.370276
0.369959
0.371297
0.367041
0.367288
0.367277
0.365681
0.367137
0.364650
0.360005
0.363000
0.363789
0.367688
0.371383
0.369963
0.368132
0.368483
0.372499
0.374838
0.379390
0.381296
0.381262
0.381328
0.381029
0.382971
0.383650
0.377218
0.380939
0.378352
0.372913
0.373777
0.371732
0.369408
0.372128
0.369428
0.369859
0.375326
0.373855
0.377614
0.383152
0.384602
0.388929
0.393845
0.394709
0.394550
0.391244
0.394163
0.400973
0.402531
0.400707
0.401271
0.399796
0.400787
0.398159
0.404562
0.411295
0.416504
0.422311
0.424422
0.433181
0.444926
0.440094
0.436479
0.438829
0.425778
0.424413
0.422404
0.421061
0.442052
0.452892
0.452827
0.456055
0.460061
0.466037
0.466737
0.447323
0.431536
0.428104
0.427204
0.415226
0.422491
0.435546
0.444957
0.450461
0.464661
0.463284
0.468838
0.461793
0.451655
0.460448
0.464377
0.469565
0.470150
0.463689
0.473802
0.485946
0.483650
0.491721
0.502078
0.496406
0.489858
0.501553
0.499070
0.491090
0.491773
0.476857
0.481587
0.491592
0.490697
0.489677
0.491639
0.479644
0.478485
0.489102
0.492270
0.509615
0.510674
0.509738
0.513469
0.512033
0.509769
0.508626
0.507986
0.501183
0.500937
0.511990
0.524679
0.529055
0.530394
0.535219
0.532593
0.524174
0.523076
0.527426
0.524907
0.523727
0.525768
0.534323
0.533027
0.517561
0.520402
0.520080
0.513014
0.508169
0.507837
0.506273
0.508086
0.508524
0.501536
0.490652
0.480320
0.481703
0.480072
0.472417
0.463393
0.465050
0.460809
0.460164
0.468407
0.473377
0.462997
0.461751
0.455841
0.453247
0.456054
0.457422
0.453543
0.456825
0.453538
0.451600
0.451392
0.448027
0.448435
0.458955
0.462282
0.467397
0.477861
0.475513
0.470785
0.474522
0.471514
0.469968
0.472407
0.468528
0.464931
0.470948
0.473357
0.477767
0.478575
0.472763
0.465022
0.462195
0.459215
0.458134
0.466693
0.460957
0.463264
0.466805
0.464497
0.463427
0.465227
0.464560
0.469262
0.471199
0.469132
0.466411
0.468236
0.460982
0.460225
0.464078
0.454390
0.455510
0.453813
0.457154
0.457757
0.468569
0.472582
0.469601
0.466299
0.458851
0.449769
0.445873
0.449812
0.453732
0.459609
0.473071
0.470765
0.470381
0.464874
0.454650
0.451524
0.439728
0.435222
0.428679
0.427118
0.427820
0.425384
0.425027
0.429699
0.431427
0.436226
0.445773
0.450419
0.452753
0.451762
0.452072
0.456743
0.463923
0.466658
0.468126
0.480382
0.493887
0.505657
0.506063
0.499729
0.487311
0.479919
0.472574
0.463064
0.466229
0.466476
0.457661
0.449091
0.457571
0.459075
0.462539
0.453432
0.444194
0.444278
0.443087
0.444342
0.441502
0.435717
0.427882
0.427577
0.423580
0.426594
0.430781
0.422286
0.408514
0.406772
0.411854
0.414367
0.419759
0.433052
0.430088
0.427709
0.414292
0.411475
0.411498
0.392613
0.397015
0.405637
0.408591
0.406811
0.403958
0.403775
0.398211
0.404940
0.405265
0.405625
0.399804
0.394171
0.388421
0.385499
0.383475
0.376197
0.367552
0.366071
0.360964
0.352243
0.354703
0.364144
0.362294
0.359725
0.367304
0.366823
0.371297
0.367504
0.358909
0.366872
0.366828
0.362480
0.357071
0.357656
0.356579
0.351336
0.346246
0.343597
0.349150
0.352350
0.360033
0.369203
0.366252
0.362190
0.355880
0.352253
0.353208
0.358714
0.359317
0.363403
0.367420
0.363314
0.358401
0.355525
0.353804
0.354000
0.348102
0.334679
0.333617
0.336577
0.329885
0.331760
0.339154
0.340847
0.342480
0.334309
0.319386
0.322531
0.330620
0.337501
0.348467
0.360427
0.365380
0.366494
0.365405
0.365945
0.361942
0.359764
0.358442
0.355622
0.361196
0.362556
0.361787
0.362685
0.359454
0.354011
0.352278
0.347476
0.341447
0.342207
0.342258
0.343259
0.341753
0.339292
0.340434
0.342773
0.347098
0.352083
0.349553
0.347195
0.339096
0.326181
0.313413
0.303307
0.297686
0.298760
0.299479
0.294879
0.301988
0.300124
0.301940
0.307905
0.303385
0.297653
0.299272
0.297564
0.294318
0.300074
0.306914
0.310908
0.312862
0.313444
0.313856
0.314619
0.307384
0.307228
0.316466
0.320184
0.323129
0.325426
0.326216
0.329252
0.329121
0.331566
0.329935
0.326375
0.324883
0.321761
0.318336
0.317832
0.318144
0.316199
0.317445
0.315446
0.313832
0.319180
0.320141
0.318506
0.318081
0.313483
0.310796
0.310472
0.311522
0.312265
0.311319
0.310255
0.307032
0.306451
0.308064
0.313677
0.316361
0.318815
0.321582
0.320728
0.320633
0.321530
0.324912
0.326761
0.326900
0.325491
0.325487
0.326398
0.326633
0.327153
0.328740
0.328428
0.326627
0.327071
0.324010
0.326276
0.326245
0.326799
0.327707
0.329017
0.329158
0.327890
0.328094
0.328300
0.327049
0.323907
0.320635
0.313214
0.312517
0.308652
0.305380
0.302953
0.299288
0.293252
0.289420
0.290433
0.286533
0.288964
0.293050
0.292471
0.288853
0.293767
0.296377
0.300206
0.300639
0.299118
0.299945
0.299154
0.300262
0.301486
0.304313
0.303736
0.305021
0.304801
0.305164
0.308926
0.312201
0.311898
0.310911
0.316272
0.320315
0.316064
0.312424
0.312320
0.313538
0.313388
0.314799
0.311888
0.313675
0.313997
0.312275
0.311367
0.315367
0.318126
0.315260
0.318253
0.316533
0.319858
0.320305
0.316879
0.316491
0.317717
0.316575
0.316761
0.316280
0.316583
0.317931
0.319163
0.318784
0.317852
0.318164
0.316966
0.318376
0.319426
0.322106
0.321734
0.322944
0.324529
0.323955
0.323621
0.322816
0.323775
0.323870
0.323945
0.326297
0.327304
0.325359
0.322772
0.321903
0.322731
0.322131
0.320524
0.324376
0.326272
0.327524
0.326882
0.325679
0.328309
0.329560
0.326129
0.326331
0.328215
0.328826
0.327567
0.326735
0.326827
0.329060
0.329960
0.327596
0.327556
0.326756
0.327529
0.328318
0.330717
0.327307
0.324898
0.322687
0.322251
0.324732
0.323044
0.321568
0.321064
0.320234
0.317252
0.315648
0.315793
0.316440
0.313884
0.309796
0.307125
0.304826
0.309475
0.306571
0.305315
0.306431
0.307383
0.306679
0.305415
0.308446
0.308186
0.309670
0.310812
0.311852
0.313123
0.313743
0.312224
0.313069
0.316784
0.316475
0.318849
0.319460
0.321437
0.325432
0.324861
0.325329
0.329470
0.331362
0.331936
0.331091
0.329223
0.329692
0.331355
0.333412
0.334188
0.334413
0.333241
0.331976
0.327213
0.325273
0.325029
0.323772
0.325069
0.324402
0.323309
0.322683
0.321411
0.322011
0.325023
0.326232
0.326052
0.328968
0.329174
0.331666
0.330643
0.329229
0.329531
0.331621
0.335552
0.335552
0.338522
0.340811
0.338345
0.338882
0.341159
0.341880
0.342126
0.338234
0.332729
0.331497
0.330636
0.331341
0.337038
0.336472
0.329336
0.329094
0.323876
0.323953
0.326341
0.325707
0.324881
0.324363
0.324693
0.323967
0.324330
0.327657
0.327283
0.325484
0.327255
0.328702
0.328648
0.329845
0.331116
0.332201
0.335101
0.334883
0.335578
0.336380
0.337940
0.339990
0.343702
0.342494
0.341702
0.343419
0.341534
0.341669
0.342130
0.343052
0.340817
0.338622
0.336380
0.337521
0.341191
0.343811
0.347245
0.351044
0.352175
0.354955
0.356189
0.353239
0.351842
0.353084
0.352073
0.348908
0.348091
0.346702
0.350986
0.351962
0.353622
0.355594
0.354867
0.353824
0.355994
0.355236
0.354487
0.356580
0.354278
0.352483
0.354186
0.360055
0.360993
0.359546
0.355878
0.356071
0.354167
0.352375
0.349610
0.345077
0.341004
0.336867
0.336445
0.340027
0.338712
0.339077
0.336317
0.330824
0.323000
0.313240
0.300020
0.298917
0.299447
0.292508
0.285120
0.275540
0.275956
0.281004
0.295063
0.303848
0.312504
0.319335
0.320246
0.315135
0.307887
0.309350
0.316335
0.316843
0.308317
0.286722
0.274193
0.282008
0.298098
0.313685
0.299255
0.289557
0.280196
0.290337
0.285241
0.281580
0.271485
0.265142
0.263637
0.224175
0.213686
0.249866
0.266296
0.241137
0.222135
0.192207
0.179906
0.185657
0.172991
0.198249
0.197282
0.202244
0.218534
0.223909
0.222416
0.211537
0.228212
0.237200
0.238869
0.249271
0.256745
0.249037
0.256482
0.261431
0.265463
0.271120
0.272742
0.273237
0.273437
0.276272
0.267947
0.265026
0.262443
0.261763
0.262255
0.271724
0.283908
0.289828
0.288381
0.286114
0.281621
0.276993
0.277678
0.280863
0.283519
0.280191
0.281496
0.288440
0.293471
0.297450
0.296860
0.300069
0.300848
0.297120
0.291972
0.294935
0.295055
0.295074
0.295386
0.296813
0.287688
0.262842
0.248131
0.246407
0.244663
0.240379
0.239325
0.233023
0.234142
0.243222
0.242584
0.252874
0.272376
0.276417
0.271526
0.271249
0.279357
0.292334
0.293311
0.290216
0.276625
0.260615
0.267540
0.257043
0.248947
0.268081
0.269372
0.240034
0.229160
0.233277
0.232912
0.249506
0.255274
0.255422
0.258275
0.266993
0.283383
0.288904
0.284913
0.282710
0.280923
0.285302
0.281991
0.279942
0.276035
0.282556
0.286206
0.282203
0.285407
0.288253
0.291444
0.288825
0.284174
0.281314
0.285208
0.286836
0.289366
0.287715
0.289643
0.294962
0.292800
0.287016
0.285634
0.286606
0.283607
0.283839
0.276227
0.275808
0.282525
0.279296
0.273730
0.273798
0.277046
0.270552
0.269610
0.260928
0.262827
0.274392
0.267220
0.268699
0.277313
0.284295
0.286622
0.289712
0.288243
0.291029
0.297360
0.296920
0.303400
0.308875
0.313012
0.313925
0.313218
0.316704
0.321507
0.318225
0.317722
0.317815
0.316060
0.317317
0.315598
0.317769
0.322430
0.322402
0.320641
0.327915
0.329159
0.317661
0.307448
0.299212
0.296421
0.295640
0.278119
0.274268
0.276362
0.273248
0.272999
0.271536
0.274254
0.280918
0.279191
0.257027
0.243637
0.254821
0.269133
0.277651
0.288358
0.291475
0.297375
0.305261
0.298021
0.291266
0.291007
0.305251
0.306418
0.303401
0.303290
0.303505
0.304336
0.300981
0.297004
0.296140
0.281258
0.267481
0.252511
0.235757
0.211455
0.204739
0.185259
0.171318
0.172807
0.168770
0.171452
0.163270
0.165271
0.149192
0.156648
0.154926
0.158757
0.173229
0.177252
0.180671
0.191656
0.207440
0.223657
0.234986
0.239041
0.248400
0.253918
0.254426
0.248756
0.251460
0.246949
0.243317
0.240223
0.241095
0.236428
0.228944
0.214927
0.204888
0.196269
0.189729
0.181218
0.177155
0.177854
0.177129
0.174661
0.174906
0.170253
0.168751
0.171098
0.175805
0.180650
0.188193
0.188339
0.189992
0.197489
0.198248
0.204643
0.206324
0.209935
0.208097
0.206064
0.201932
0.201143
0.201528
0.196426
0.189949
0.182560
0.178322
0.176544
0.176875
0.173521
0.175734
0.178822
0.180719
0.181495
0.180915
0.184811
0.185194
0.183331
0.181822
0.178473
0.178399
0.178712
0.177875
0.184130
0.188390
0.188875
0.187928
0.187532
0.192555
0.200511
0.207081
0.211830
0.214066
0.214866
0.217983
0.212501
0.212669
0.211560
0.209561
0.209560
0.202172
0.200475
0.206766
0.207163
0.203299
0.210081
0.214426
0.216489
0.215873
0.212380
0.216914
0.219663
0.221893
0.220786
0.220311
0.217231
0.214979
0.215999
0.215169
0.218777
0.226868
0.227717
0.224333
0.227857
0.232925
0.240858
0.242196
0.240961
0.236681
0.231702
0.230719
0.228575
0.228102
0.227939
0.225950
0.221114
0.215186
0.214249
0.214102
0.214013
0.213566
0.211636
0.210223
0.211280
0.215719
0.215406
0.214164
0.212409
0.214214
0.214111
0.210827
0.209644
0.211452
0.217294
0.214979
0.214520
0.217673
0.216300
0.220043
0.213778
0.206998
0.206802
0.209309
0.205962
0.204558
0.205056
0.204153
0.205106
0.201939
0.199779
0.199252
0.202643
0.203670
0.202777
0.203320
0.205099
0.206893
0.207363
0.207708
0.210706
0.211565
0.213632
0.213487
0.216622
0.220234
0.220677
0.223343
0.225836
0.223906
0.221770
0.220718
0.218787
0.220532
0.217202
0.216409
0.215424
0.211599
0.213376
0.212454
0.212009
0.214685
0.213909
0.213806
0.213880
0.212535
0.213189
0.214083
0.217001
0.217940
0.219217
0.219611
0.220246
0.219174
0.216090
0.215595
0.216812
0.216819
0.213186
0.209084
0.204090
0.203688
0.202729
0.201286
0.202245
0.202551
0.204678
0.204633
0.199848
0.209294
0.208396
0.209904
0.214439
0.214808
0.208133
0.210948
0.211611
0.208723
0.211250
0.213379
0.214816
0.211223
0.211691
0.209974
0.210815
0.212215
0.215198
0.215333
0.214215
0.215677
0.215747
0.216436
0.219093
0.220139
0.221237
0.223402
0.224677
0.225923
0.227144
0.225418
0.226957
0.228379
0.226826
0.223096
0.222339
0.219929
0.217670
0.219134
0.221006
0.222086
0.221605
0.220526
0.216391
0.213782
0.213296
0.215928
0.218079
0.216380
0.213830
0.214783
0.213708
0.211290
0.211971
0.214452
0.216709
0.218085
0.212505
0.212705
0.214787
0.213136
0.213076
0.214365
0.215637
0.216994
0.213802
0.210836
0.210872
0.212284
0.209881
0.206932
0.202792
0.197877
0.195552
0.193218
0.189397
0.188314
0.187006
0.188887
0.189934
0.188421
0.189705
0.191677
0.192273
0.190407
0.191116
0.193718
0.195398
0.195949
0.196554
0.197950
0.198304
0.199592
0.199602
0.198751
0.199287
0.201575
0.204059
0.202202
0.203797
0.206359
0.206395
0.206740
0.204370
0.205776
0.211022
0.209754
0.206539
0.207705
0.210648
0.212027
0.212754
0.211941
0.211408
0.212487
0.211707
0.212835
0.211335
0.211585
0.210302
0.209312
0.211722
0.211085
0.209804
0.209189
0.208474
0.207602
0.206774
0.208702
0.209393
0.210739
0.211977
0.211873
0.213369
0.215383
0.215355
0.216091
0.218205
0.217912
0.218619
0.216830
0.218032
0.218863
0.216240
0.215962
0.217555
0.217887
0.216637
0.215556
0.214762
0.215564
0.215569
0.215518
0.215200
0.215604
0.215657
0.214141
0.213247
0.213458
0.213648
0.215311
0.214934
0.212512
0.210051
0.210132
0.210645
0.209095
0.207571
0.205702
0.205275
0.205897
0.202312
0.201529
0.205191
0.205997
0.205978
0.206369
0.205969
0.206519
0.209793
0.210057
0.210139
0.211170
0.213294
0.215298
0.215227
0.215938
0.216665
0.217942
0.220578
0.219722
0.218134
0.218861
0.218738
0.217817
0.218713
0.221106
0.222130
0.222615
0.222470
0.221928
0.222584
0.223313
0.223275
0.223919
0.225307
0.223888
0.224713
0.223334
0.224561
0.224996
0.222561
0.223057
0.220923
0.222245
0.220623
0.219247
0.215792
0.211845
0.210425
0.211823
0.212104
0.213261
0.214816
0.216258
0.221086
0.222108
0.225061
0.227713
0.232115
0.232531
0.229221
0.227015
0.228624
0.229623
0.229389
0.229367
0.230072
0.227477
0.226575
0.224482
0.219881
0.220038
0.220765
0.219504
0.219179
0.216081
0.217234
0.219905
0.216213
0.215670
0.214565
0.212984
0.209280
0.198799
0.195387
0.199809
0.202560
0.194748
0.184832
0.182603
0.182138
0.184309
0.182028
0.186297
0.191275
0.187972
0.179590
0.177967
0.182857
0.193404
0.194331
0.196844
0.192701
0.185677
0.182951
0.183913
0.191974
0.192583
0.187829
0.178965
0.174598
0.170743
0.175505
0.178414
0.181990
0.179032
0.170591
0.163035
0.157912
0.163038
0.167301
0.169448
0.163351
0.160033
0.158455
0.164753
0.167633
0.170998
0.175301
0.174715
0.174322
0.170401
0.170036
0.173245
0.177163
0.180890
0.180841
0.180542
0.184771
0.189240
0.190908
0.192694
0.191536
0.194376
0.195011
0.198860
0.201624
0.203121
0.203711
0.201359
0.202160
0.205263
0.209994
0.212142
0.208207
0.205404
0.202819
0.200103
0.195283
0.193129
0.189872
0.189619
0.185065
0.177184
0.177176
0.178288
0.182199
0.185042
0.186582
0.187726
0.191804
0.192652
0.187402
0.188949
0.195001
0.198440
0.203683
0.205864
0.207154
0.211212
0.209797
0.205589
0.200666
0.204094
0.208921
0.211179
0.205165
0.202039
0.205257
0.208482
0.208481
0.201682
0.203024
0.200961
0.205309
0.203386
0.203984
0.205987
0.207419
0.209851
0.206099
0.208996
0.212676
0.215013
0.214367
0.212353
0.211298
0.209251
0.208088
0.204484
0.198817
0.197378
0.197036
0.195149
0.190742
0.187023
0.185458
0.180295
0.183639
0.187698
0.188917
0.190964
0.191275
0.192089
0.194826
0.193551
0.192953
0.196072
0.195760
0.190511
0.186892
0.185225
0.182865
0.186259
0.185356
0.183705
0.184817
0.183351
0.186649
0.186411
0.185700
0.188268
0.189112
0.190253
0.193714
0.194684
0.192705
0.190696
0.186557
0.186327
0.186811
0.185713
0.183995
0.185608
0.190653
0.196281
0.199694
0.199832
0.202067
0.203446
0.204463
0.205340
0.204627
0.207926
0.205634
0.201553
0.196841
0.193444
0.194639
0.193953
0.193045
0.188847
0.188484
0.188802
0.190141
0.191316
0.190925
0.193844
0.196357
0.194725
0.192636
0.196107
0.194897
0.194932
0.195835
0.202727
0.207045
0.206273
0.205827
0.207950
0.204346
0.197868
0.194155
0.193892
0.192858
0.189209
0.185246
0.181668
0.178915
0.168599
0.170090
0.173881
0.177154
0.179118
0.175810
0.178309
0.179136
0.180454
0.181744
0.186461
0.190277
0.192242
0.184882
0.179075
0.176045
0.176556
0.179260
0.176001
0.171806
0.170440
0.171146
0.169466
0.170968
0.168528
0.166098
0.172136
0.174324
0.176106
0.176468
0.177111
0.177263
0.177364
0.180710
0.181884
0.187170
0.188327
0.184967
0.186180
0.187548
0.193377
0.194908
0.197194
0.194462
0.195863
0.198599
0.201150
0.198064
0.192212
0.191842
0.186372
0.185299
0.181493
0.183691
0.186520
0.182812
0.183128
0.179515
0.185328
0.191571
0.192896
0.193250
0.193866
0.189421
0.186979
0.187664
0.189987
0.195667
0.196107
0.198627
0.198843
0.194768
0.195697
0.196072
0.196747
0.200709
0.197167
0.197835
0.197700
0.199108
0.198724
0.222783
0.284031
0.339221
0.359060
0.365223
0.375175
0.404202
0.414916
0.405568
0.411191
0.400907
0.385918
0.381470
0.374875
0.364200
0.374488
0.371789
0.335519
0.346518
0.360051
0.325688
0.302488
0.292942
0.249701
0.310958
0.349761
0.337806
0.341059
0.372127
0.370065
0.369007
0.378180
0.382854
0.412672
0.410200
0.425578
0.447645
0.462981
0.492394
0.506690
0.536258
0.543351
0.526530
0.527629
0.527794
0.506938
0.502585
0.513899
0.492681
0.496537
0.519716
0.508317
0.503664
0.502080
0.494251
0.509636
0.512738
0.525101
0.551161
0.530992
0.526252
0.521129
0.518975
0.523215
0.500595
0.499090
0.495249
0.503050
0.508161
0.516482
0.541669
0.549670
0.546511
0.540996
0.537045
0.522542
0.517833
0.500846
0.509178
0.517486
0.512519
0.510859
0.518537
0.514774
0.518688
0.509109
0.515031
0.519912
0.520957
0.515571
0.509885
0.505512
0.502726
0.496973
0.500830
0.511767
0.517374
0.511382
0.508562
0.504956
0.502289
0.492661
0.486196
0.481152
0.483162
0.479944
0.477232
0.486660
0.492733
0.490309
0.491864
0.490971
0.486625
0.490629
0.490593
0.484049
0.495135
0.494403
0.491344
0.493838
0.491361
0.486701
0.483948
0.476181
0.470457
0.472551
0.474091
0.476673
0.482892
0.482854
0.479711
0.479743
0.479466
0.475184
0.474537
0.476888
0.473885
0.474317
0.477777
0.477963
0.475644
0.471851
0.466373
0.466720
0.467393
0.468820
0.469404
0.468633
0.471228
0.469564
0.469698
0.470739
0.472720
0.474633
0.475648
0.481919
0.485115
0.486285
0.488326
0.484250
0.480240
0.474435
0.471925
0.469203
0.475300
0.475695
0.478600
0.475736
0.477478
0.473312
0.480307
0.476748
0.478617
0.476137
0.477519
0.481635
0.482654
0.481683
0.479239
0.477041
0.475843
0.475941
0.472697
0.475256
0.480771
0.480528
0.480916
0.483936
0.478211
0.479617
0.477061
0.473925
0.478521
0.480423
0.476667
0.477110
0.478231
0.483635
0.484411
0.481350
0.482004
0.483508
0.479724
0.479042
0.478353
0.477025
0.475210
0.473319
0.471732
0.475405
0.478592
0.479325
0.476118
0.472887
0.469786
0.469019
0.467705
0.462299
0.461425
0.462089
0.458413
0.455483
0.460803
0.463514
0.463085
0.465508
0.464852
0.463570
0.467846
0.466383
0.467265
0.463409
0.462412
0.462864
0.461631
0.460339
0.464591
0.463381
0.460902
0.462734
0.468154
0.468759
0.472199
0.473459
0.473608
0.471404
0.471246
0.471568
0.470395
0.471772
0.473794
0.477150
0.480068
0.479348
0.483404
0.483765
0.480084
0.484088
0.484527
0.481640
0.484134
0.481840
0.481308
0.484984
0.484515
0.486354
0.488151
0.489656
0.487896
0.487536
0.491488
0.492125
0.492021
0.492629
0.492748
0.493533
0.499560
0.501002
0.497923
0.499283
0.497531
0.496849
0.494490
0.495583
0.494607
0.500977
0.499086
0.503047
0.506374
0.507546
0.508360
0.504512
0.502206
0.499317
0.499791
0.502287
0.501953
0.502903
0.506451
0.503688
0.504302
0.505149
0.503143
0.501895
0.502822
0.501558
0.504558
0.505466
0.506678
0.510645
0.518098
0.520749
0.521426
0.519659
0.521753
0.523265
0.525456
0.527418
0.523035
0.523151
0.523953
0.524725
0.524115
0.522799
0.523460
0.519609
0.518617
0.519246
0.516251
0.519031
0.520565
0.527376
0.537586
0.537771
0.533868
0.535291
0.538360
0.544250
0.547485
0.552875
0.552548
0.554787
0.555326
0.556936
0.558210
0.560088
0.570084
0.563944
0.565568
0.567318
0.559880
0.560944
0.561061
0.562059
0.573708
0.575849
0.563523
0.561108
0.566009
0.568039
0.575638
0.577773
0.581973
0.579545
0.568221
0.574765
0.582638
0.578176
0.586648
0.594499
0.592546
0.591571
0.579510
0.569448
0.567765
0.568049
0.564068
0.564219
0.567558
0.557340
0.562513
0.567065
0.568453
0.568660
0.562659
0.558324
0.561520
0.564367
0.559354
0.562290
0.574101
0.575358
0.574789
0.575693
0.587910
0.586276
0.570294
0.557278
0.566650
0.571593
0.566857
0.564795
0.567392
0.562826
0.549524
0.539973
0.544005
0.539207
0.530429
0.527103
0.530759
0.541757
0.549175
0.543829
0.552608
0.558677
0.568173
0.549940
0.538927
0.541731
0.540102
0.529045
0.520529
0.526839
0.537643
0.537146
0.540805
0.552744
0.540720
0.547879
0.552823
0.551848
0.554305
0.552475
0.548831
0.574811
0.604656
0.601958
0.597789
0.619829
0.606587
0.587112
0.572574
0.583667
0.576265
0.563026
0.575785
0.585745
0.590820
0.601780
0.589743
0.600759
0.593970
0.593251
0.591865
0.568021
0.610341
0.606964
0.610828
0.625253
0.650935
0.627347
0.598306
0.576188
0.575248
0.583421
0.564162
0.572357
0.570223
0.553186
0.545368
0.545994
0.524425
0.523704
0.508247
0.520831
0.512276
0.514434
0.518601
0.515321
0.522357
0.526770
0.524420
0.519152
0.501019
0.488540
0.483574
0.496159
0.500686
0.504407
0.499873
0.489242
0.492024
0.493158
0.497931
0.503093
0.496415
0.494802
0.490422
0.485585
0.490183
0.484388
0.482730
0.480039
0.469133
0.470085
0.478796
0.480012
0.486324
0.489865
0.489870
0.496704
0.499196
0.492658
0.495201
0.498140
0.490381
0.489596
0.484776
0.480170
0.483505
0.470877
0.460407
0.463687
0.461398
0.459781
0.465702
0.463714
0.459401
0.462581
0.448331
0.432295
0.431224
0.426917
0.420268
0.420183
0.410795
0.400538
0.398067
0.388383
0.401592
0.417070
0.409183
0.407080
0.409901
0.401402
0.400299
0.412074
0.409018
0.412644
0.413793
0.412852
0.411860
0.404765
0.399447
0.399460
0.397695
0.398313
0.409567
0.417655
0.420881
0.424292
0.421131
0.424708
0.441434
0.445461
0.449947
0.456771
0.457144
0.465473
0.473731
0.478827
0.485717
0.488590
0.490814
0.493892
0.512448
0.516881
0.515279
0.520992
0.517043
0.505950
0.516135
0.516371
0.512005
0.512633
0.514046
0.517932
0.526881
0.519492
0.522598
0.530598
0.540734
0.553050
0.580600
0.587878
0.573765
0.571890
0.585063
0.587264
0.596818
0.600986
0.583291
0.567647
0.575327
0.581163
0.590750
0.580394
0.596812
0.606650
0.577505
0.575870
0.575071
0.584763
0.607126
0.645888
0.643612
0.616759
0.617129
0.595468
0.560355
0.573174
0.587571
0.549386
0.545243
0.554992
0.558239
0.545632
0.524936
0.508801
0.517136
0.502717
0.500099
0.492743
0.482087
0.502727
0.501240
0.517104
0.529188
0.525125
0.533773
0.518827
0.508829
0.503219
0.502273
0.502605
0.507402
0.515668
0.516314
0.509989
0.516245
0.516503
0.518760
0.529548
0.540741
0.536285
0.548991
0.553298
0.540371
0.538000
0.527092
0.517251
0.514542
0.499055
0.483769
0.475726
0.473524
0.485758
0.488540
0.503641
0.515095
0.521507
0.531938
0.530851
0.525793
0.525345
0.514067
0.502053
0.514027
0.532477
0.526891
0.531206
0.518889
0.508458
0.511793
0.517729
0.527850
0.540364
0.560198
0.567877
0.556228
0.563750
0.584365
0.575935
0.582749
0.615962
0.626590
0.594870
0.610374
0.593817
0.582651
0.565275
0.541507
0.548560
0.541479
0.525496
0.539507
0.529148
0.522597
0.540784
0.547176
0.560635
0.554517
0.542347
0.551376
0.552733
0.551775
0.548080
0.540767
0.544783
0.555365
0.553380
0.550257
0.540970
0.539015
0.536577
0.521385
0.524262
0.523558
0.517107
0.525664
0.523628
0.522754
0.528224
0.522181
0.518964
0.510173
0.507549
0.504994
0.503613
0.496277
0.495084
0.503218
0.501927
0.502977
0.504120
0.509986
0.505907
0.506806
0.508061
0.509410
0.510448
0.503900
0.498574
0.500886
0.498853
0.495648
0.503225
0.508252
0.508425
0.515415
0.519636
0.520998
0.530766
0.525119
0.518578
0.522348
0.519532
0.513089
0.514137
0.517955
0.513817
0.525736
0.517001
0.520335
0.529053
0.516118
0.510809
0.510596
0.504759
0.504343
0.511316
0.514889
0.527473
0.527124
0.511515
0.499665
0.495601
0.474637
0.493700
0.488311
0.492857
0.492933
0.491426
0.485945
0.498297
0.507512
0.520778
0.529072
0.546069
0.538835
0.534933
0.530749
0.529884
0.537673
0.561275
0.564552
0.569417
0.573461
0.575746
0.569032
0.559766
0.559683
0.557323
0.552815
0.559618
0.559518
0.548120
0.545978
0.553028
0.581208
0.569448
0.571530
0.573846
0.580723
0.581767
0.575705
0.583246
0.595132
0.603598
0.610086
0.619596
0.609746
0.610612
0.607649
0.598656
0.599985
0.590392
0.581957
0.584713
0.578855
0.589627
0.594135
0.577024
0.577819
0.581940
0.582015
0.580466
0.573954
0.576599
0.583521
0.583602
0.582317
0.580079
0.577042
0.594809
0.602641
0.598823
0.592319
0.594820
0.594493
0.595047
0.592757
0.607205
0.591462
0.591029
0.585372
0.594681
0.602974
0.601169
0.588792
0.604546
0.594650
0.612601
0.589765
0.604157
0.599144
0.585574
0.573028
0.571935
0.584569
0.578332
0.570563
0.570388
0.583377
0.583446
0.573047
0.563789
0.566199
0.562393
0.572384
0.573969
0.573386
0.580575
0.588008
0.579541
0.591122
0.599426
0.587439
0.576962
0.579039
0.579063
0.588072
0.579124
0.579878
0.585372
0.587122
0.586585
0.583128
0.584456
0.587311
0.580640
0.578527
0.581344
0.584909
0.588490
0.591744
0.586427
0.595511
0.600809
0.602890
0.603924
0.613767
0.610362
0.605305
0.609291
0.608338
0.607188
0.604623
0.608318
0.604996
0.601983
0.593063
0.595522
0.596360
0.604005
0.600324
0.602504
0.599381
0.606547
0.595304
0.595641
0.603584
0.615949
0.605366
0.597360
0.600726
0.598364
0.594414
0.596557
0.589193
0.580035
0.574657
0.572909
0.575008
0.572331
0.571708
0.575963
0.581166
0.577387
0.578308
0.575756
0.570654
0.569966
0.568305
0.569027
0.570365
0.566746
0.568281
0.571163
0.571750
0.571730
0.565913
0.564084
0.565767
0.568622
0.570025
0.575680
0.573347
0.582736
0.578284
0.584107
0.582971
0.576716
0.587260
0.590037
0.578705
0.591922
0.592574
0.594611
0.593894
0.597238
0.609175
0.606807
0.601395
0.610526
0.604491
0.602553
0.601079
0.610209
0.617256
0.613987
0.611302
0.614612
0.613293
0.617803
0.619664
0.621932
0.632098
0.625948
0.635688
0.642877
0.646972
0.640581
0.644965
0.643448
0.641296
0.636454
0.633013
0.640529
0.642694
0.627026
0.637121
0.637253
0.629976
0.625724
0.621102
0.618245
0.618261
0.615154
0.606393
0.609290
0.624334
0.627108
0.617621
0.613086
0.616556
0.609307
0.604794
0.607014
0.617349
0.619041
0.627827
0.620832
0.624132
0.613943
0.613922
0.613006
0.609054
0.605663
0.621350
0.611875
0.609277
0.603646
0.605753
0.608012
0.600381
0.591240
0.602527
0.593219
0.597202
0.594260
0.601757
0.603311
0.608480
0.606371
0.605510
0.599692
0.604166
0.601850
0.602493
0.600217
0.601803
0.608618
0.604426
0.589062
0.593550
0.601278
0.591031
0.594661
0.601348
0.600059
0.604046
0.602858
0.603386
0.612046
0.610899
0.597461
0.600371
0.599718
0.593536
0.588777
0.596299
0.608739
0.605193
0.596449
0.603385
0.597075
0.592442
0.594879
0.587823
0.583606
0.585109
0.590627
0.583181
0.584185
0.585280
0.601681
0.598385
0.592680
0.594646
0.599947
0.601973
0.595944
0.587778
0.597980
0.593784
0.594185
0.605940
0.604799
0.601035
0.610214
0.605848
0.605384
0.595438
0.585585
0.591341
0.597535
0.581523
0.591899
0.599003
0.586604
0.590095
0.585898
0.598308
0.607640
0.586194
0.580353
0.573810
0.580361
0.583726
0.573940
0.584966
0.603372
0.590917
0.582693
0.583438
0.560135
0.569172
0.576065
0.574772
0.572427
0.575213
0.566871
0.565726
0.562615
0.551727
0.558129
0.555958
0.542594
0.546606
0.548104
0.537882
0.538828
0.525043
0.523177
0.537838
0.528735
0.528317
0.533523
0.527027
0.530376
0.528925
0.535705
0.535820
0.533315
0.528414
0.532330
0.531880
0.529085
0.527050
0.526417
0.528375
0.524811
0.528848
0.541034
0.542632
0.556999
0.559486
0.551018
0.561749
0.566133
0.555994
0.572268
0.567815
0.554565
0.545446
0.544502
0.546602
0.541682
0.539546
0.528596
0.520454
0.520348
0.518587
0.511820
0.501007
0.493083
0.493752
0.496013
0.501165
0.505778
0.518769
0.516872
0.517418
0.518028
0.516984
0.515688
0.509153
0.498799
0.490125
0.487919
0.484402
0.481248
0.476903
0.463705
0.460800
0.451014
0.447593
0.454219
0.446442
0.442546
0.451853
0.452625
0.458235
0.465908
0.474089
0.470533
0.472936
0.472220
0.471254
0.470499
0.472851
0.467350
0.475066
0.485681
0.476481
0.479732
0.475536
0.476687
0.483610
0.476619
0.485780
0.500372
0.503719
0.509497
0.515781
0.517360
0.518422
0.518013
0.521798
0.523123
0.524519
0.517644
0.514338
0.507520
0.510274
0.510366
0.507571
0.504390
0.508741
0.508441
0.503772
0.500988
0.503610
0.499680
0.504067
0.499947
0.497786
0.493349
0.485201
0.486227
0.485231
0.482724
0.471835
0.468334
0.460854
0.461170
0.460875
0.456265
0.466173
0.467900
0.462458
0.470779
0.476278
0.480356
0.481738
0.472263
0.456378
0.459464
0.474795
0.477645
0.479129
0.485724
0.481428
0.478139
0.473037
0.472202
0.470298
0.461996
0.457614
0.461262
0.464784
0.464035
0.462659
0.459425
0.447364
0.446999
0.449080
0.441874
0.445833
0.451541
0.447987
0.449625
0.459419
0.466750
0.471716
0.470277
0.462413
0.454166
0.449681
0.439816
0.451043
0.451707
0.446633
0.456814
0.451412
0.444071
0.442784
0.427945
0.427625
0.423774
0.423748
0.434248
0.447989
0.451103
0.462783
0.472371
0.476221
0.479531
0.466428
0.453527
0.438147
0.425617
0.412580
0.405159
0.400946
0.401567
0.386216
0.377884
0.379108
0.354538
0.331705
0.314433
0.295419
0.287979
0.308643
0.301842
0.315090
0.318660
0.303077
0.301822
0.332358
0.353697
0.355594
0.357709
0.349305
0.354447
0.345452
0.334675
0.340508
0.340214
0.326480
0.322825
0.312631
0.307637
0.298873
0.292847
0.299992
0.307096
0.305395
0.283845
0.274677
0.280852
0.293050
0.305885
0.307941
0.303061
0.293333
0.264979
0.261380
0.287838
0.279483
0.264188
0.257564
0.240476
0.228526
0.236828
0.245161
0.268292
0.266681
0.253904
0.244761
0.248250
0.275122
0.270959
0.286173
0.296097
0.288316
0.285842
0.274997
0.278589
0.283218
0.285231
0.284951
0.285460
0.285760
0.276142
0.277594
0.287604
0.284629
0.287488
0.287298
0.286021
0.295747
0.297144
0.293646
0.292907
0.289398
0.284766
0.286320
0.286119
0.288551
0.293654
0.285929
0.276284
0.280430
0.280244
0.278369
0.281557
0.278089
0.273754
0.264795
0.257690
0.254006
0.254180
0.249998
0.241075
0.244113
0.243057
0.241007
0.233538
0.229278
0.226310
0.227575
0.223972
0.219590
0.217952
0.220291
0.221026
0.217958
0.224874
0.224342
0.229850
0.236498
0.240577
0.237875
0.242852
0.246731
0.246746
0.253064
0.260526
0.266366
0.266597
0.266694
0.266558
0.265995
0.269291
0.272790
0.277472
0.279378
0.276883
0.270867
0.269353
0.270231
0.271519
0.269444
0.267324
0.267558
0.265430
0.262486
0.258461
0.254351
0.254394
0.251121
0.249445
0.250815
0.251287
0.248782
0.247489
0.247489
0.247797
0.251838
0.254076
0.255681
0.256289
0.255220
0.256441
0.258377
0.255275
0.256122
0.250779
0.246015
0.246740
0.244184
0.248781
0.250584
0.251069
0.250969
0.250183
0.247144
0.248734
0.251123
0.248995
0.250930
0.252464
0.253799
0.253926
0.255406
0.254711
0.257591
0.264557
0.266336
0.267342
0.264567
0.264452
0.268926
0.273653
0.279092
0.284428
0.291253
0.291711
0.290777
0.289592
0.294593
0.295824
0.294411
0.289046
0.280128
0.274949
0.276053
0.276463
0.277876
0.278285
0.272991
0.266664
0.256805
0.256716
0.264539
0.266817
0.267341
0.266992
0.265089
0.271144
0.273998
0.274865
0.277858
0.275538
0.273705
0.309320
0.343319
0.370222
0.380273
0.363379
0.362520
0.381573
0.381978
0.375684
0.378027
0.360408
0.350146
0.357341
0.347039
0.367023
0.387792
0.380885
0.359337
0.347119
0.311255
0.328471
0.318281
0.326321
0.329166
0.336560
0.336460
0.321121
0.331575
0.323864
0.315230
0.313964
0.313470
0.313395
0.309462
0.303790
0.309507
0.307711
0.312296
0.317499
0.312349
0.308833
0.310399
0.304659
0.305353
0.309757
0.321405
0.327448
0.333583
0.342796
0.348453
0.354384
0.354668
0.353620
0.349469
0.351376
0.351197
0.347596
0.347002
0.352930
0.356782
0.357067
0.358909
0.355086
0.348616
0.333777
0.324581
0.324162
0.318836
0.312666
0.314739
0.324067
0.325325
0.332590
0.335074
0.334258
0.337357
0.331514
0.322872
0.321681
0.326309
0.326876
0.330519
0.331744
0.333039
0.334419
0.333657
0.332806
0.334842
0.331843
0.336681
0.343452
0.343045
0.347972
0.349136
0.352409
0.353928
0.351256
0.355732
0.361332
0.358166
0.356155
0.355966
0.350317
0.351402
0.350148
0.347484
0.347981
0.348525
0.344763
0.348300
0.353810
0.353243
0.352237
0.349189
0.344227
0.345703
0.346119
0.347426
0.351356
0.351824
0.349983
0.350944
0.352119
0.357598
0.362416
0.356963
0.359109
0.364800
0.365285
0.369192
0.375475
0.376265
0.376548
0.378805
0.376111
0.375357
0.378506
0.381485
0.382250
0.386722
0.389757
0.394515
0.397754
0.400149
0.401963
0.398013
0.400116
0.400830
0.400957
0.401069
0.402039
0.401310
0.400987
0.394452
0.391956
0.389928
0.389420
0.386399
0.390746
0.392076
0.387564
0.386256
0.382468
0.380954
0.384204
0.384681
0.380741
0.379230
0.380427
0.377904
0.377536
0.380230
0.379126
0.379601
0.376627
0.378776
0.380783
0.380485
0.379698
0.382227
0.383780
0.384066
0.385830
0.390599
0.396747
0.399855
0.400971
0.400520
0.402953
0.403803
0.404631
0.402989
0.399042
0.393272
0.396194
0.392838
0.394145
0.402257
0.402429
0.394804
0.397583
0.392300
0.393171
0.388231
0.387417
0.387340
0.387588
0.392710
0.397454
0.399298
0.398962
0.393890
0.388273
0.390459
0.389707
0.390069
0.390023
0.387535
0.388054
0.387643
0.388237
0.385896
0.383474
0.380856
0.378285
0.380784
0.383300
0.379826
0.381334
0.384104
0.381947
0.385359
0.387885
0.390155
0.394917
0.394154
0.391156
0.410764
0.424169
0.441825
0.456806
0.447657
0.456118
0.471179
0.467778
0.461469
0.450939
0.432562
0.437044
0.433165
0.440605
0.453394
0.458980
0.449546
0.450908
0.451133
0.454066
0.457501
0.452227
0.444863
0.441642
0.456313
0.469892
0.460515
0.466181
0.458254
0.446819
0.438443
0.440490
0.444215
0.447831
0.445862
0.448473
0.460229
0.469057
0.480522
0.491036
0.492248
0.498846
0.505850
0.503079
0.501546
0.507482
0.501693
0.500559
0.501136
0.508829
0.511047
0.507507
0.502112
0.503573
0.502767
0.500091
0.502546
0.504681
0.507188
0.514313
0.520860
0.520742
0.520689
0.510645
0.496616
0.482578
0.477220
0.478418
0.475581
0.478422
0.478835
0.476224
0.469121
0.462081
0.455616
0.445991
0.443005
0.438475
0.448715
0.448835
0.446530
0.450329
0.448194
0.444581
0.437907
0.432464
0.431957
0.428408
0.430839
0.441468
0.454816
0.466185
0.472124
0.476877
0.473640
0.468919
0.467939
0.459304
0.454418
0.448147
0.430405
0.432456
0.437634
0.429930
0.425984
0.427768
0.424569
0.428639
0.435773
0.432767
0.430103
0.432956
0.430377
0.427490
0.441343
0.451983
0.455724
0.452860
0.449561
0.446562
0.447488
0.450360
0.454336
0.460820
0.461167
0.451216
0.441315
0.426780
0.412459
0.412413
0.401417
0.393800
0.394565
0.383469
0.364143
0.378075
0.386068
0.385671
0.391987
0.385457
0.375905
0.369001
0.366910
0.358718
0.359571
0.356809
0.357591
0.367557
0.372262
0.380241
0.382803
0.367476
0.359745
0.351139
0.338605
0.323223
0.305706
0.298510
0.287301
0.289371
0.277244
0.267229
0.274541
0.266797
0.268097
0.271438
0.274100
0.283042
0.286927
0.266196
0.250529
0.258949
0.265760
0.279053
0.292373
0.287383
0.289950
0.285155
0.280537
0.294085
0.303807
0.312213
0.320165
0.326822
0.329206
0.332404
0.329793
0.326612
0.332197
0.335553
0.334393
0.332699
0.333962
0.334492
0.336874
0.337066
0.337725
0.338735
0.338392
0.333245
0.330215
0.328906
0.334156
0.336208
0.338786
0.342009
0.343639
0.345672
0.344314
0.341099
0.336834
0.335618
0.329751
0.322446
0.314702
0.310544
0.314657
0.318338
0.326209
0.328398
0.320612
0.311374
0.302068
0.294163
0.295111
0.295566
0.302358
0.309096
0.302451
0.307797
0.316485
0.323665
0.328551
0.339728
0.347194
0.346435
0.344328
0.339941
0.332942
0.329903
0.332581
0.327525
0.319490
0.308118
0.293341
0.284953
0.290903
0.303382
0.303749
0.300172
0.303339
0.306353
0.311324
0.317813
0.318223
0.335026
0.351712
0.353110
0.358035
0.358595
0.354846
0.356755
0.345424
0.344314
0.355680
0.353013
0.340919
0.347798
0.358862
0.373055
0.381286
0.388269
0.389170
0.384394
0.373036
0.366933
0.363309
0.370388
0.383731
0.386976
0.380495
0.391124
0.393876
0.395707
0.392076
0.394037
0.382696
0.380747
0.368697
0.368774
0.388911
0.401684
0.410233
0.407612
0.405807
0.408821
0.410769
0.394153
0.396319
0.389256
0.395297
0.400507
0.405894
0.409332
0.395530
0.384843
0.386580
0.397607
0.406483
0.413390
0.424441
0.426823
0.429815
0.429727
0.424140
0.418171
0.408669
0.394491
0.387007
0.397540
0.403323
0.397900
0.400337
0.408533
0.418159
0.415633
0.409380
0.411787
0.412739
0.410989
0.422608
0.426366
0.426081
0.425179
0.414662
0.418754
0.431348
0.432252
0.438138
0.439519
0.438953
0.436946
0.432314
0.431596
0.428752
0.423011
0.424961
0.425858
0.425865
0.434936
0.436100
0.434955
0.434317
0.424999
0.419105
0.413219
0.400876
0.399321
0.399350
0.401738
0.410436
0.415691
0.416384
0.417418
0.409057
0.402897
0.394952
0.393512
0.390838
0.392589
0.390895
0.392239
0.399992
0.396676
0.393416
0.398416
0.397747
0.394285
0.392177
0.390787
0.388052
0.386522
0.393770
0.403165
0.412256
0.409472
0.402383
0.394230
0.387417
0.393825
0.396923
0.398191
0.399910
0.403689
0.397422
0.393804
0.403809
0.397940
0.382122
0.373103
0.366795
0.367156
0.369657
0.368757
0.362979
0.363556
0.358641
0.355123
0.360849
0.365248
0.358888
0.356679
0.362287
0.367289
0.372533
0.372435
0.372948
0.375245
0.374062
0.371593
0.370975
0.368626
0.363211
0.357885
0.356567
0.358126
0.356713
0.355610
0.354339
0.351279
0.355410
0.357347
0.356720
0.353608
0.354478
0.351086
0.347443
0.346724
0.349108
0.349246
0.352198
0.356526
0.359252
0.363982
0.363353
0.367804
0.367155
0.364942
0.362466
0.362180
0.362329
0.356044
0.351963
0.352365
0.356597
0.359970
0.367327
0.373282
0.378608
0.381821
0.383781
0.383631
0.385074
0.380810
0.377655
0.375699
0.375600
0.384085
0.388501
0.388937
0.393912
0.397880
0.395453
0.396825
0.397761
0.394919
0.394035
0.396718
0.397908
0.401281
0.407454
0.408994
0.410159
0.410444
0.408667
0.407643
0.408460
0.405268
0.400046
0.401328
0.400233
0.400350
0.402960
0.401294
0.400422
0.405612
0.402058
0.401710
0.405461
0.403495
0.399270
0.400731
0.398715
0.399251
0.402822
0.403196
0.401984
0.403807
0.402322
0.403444
0.403013
0.403766
0.403193
0.403539
0.409847
0.412134
0.411249
0.412292
0.410073
0.409253
0.408511
0.408547
0.409590
0.412390
0.411184
0.409235
0.410613
0.413731
0.413755
0.412827
0.415046
0.413475
0.413370
0.412487
0.411054
0.411716
0.411254
0.410862
0.412424
0.411847
0.410565
0.410638
0.410581
0.409154
0.408281
0.406479
0.401949
0.398340
0.401838
0.398448
0.399916
0.407138
0.404300
0.403047
0.408932
0.409297
0.407786
0.408963
0.407241
0.409036
0.412233
0.410617
0.411748
0.417329
0.417373
0.418964
0.417984
0.415597
0.415699
0.413112
0.404780
0.400616
0.405563
0.404865
0.403480
0.409351
0.409148
0.408379
0.405739
0.405864
0.406303
0.406812
0.412591
0.416413
0.418462
0.421946
0.421004
0.424070
0.430544
0.428581
0.433676
0.438889
0.438179
0.442228
0.446717
0.448078
0.448272
0.449778
0.448028
0.448362
0.451565
0.454396
0.457900
0.460791
0.461051
0.463424
0.462267
0.465735
0.468757
0.462178
0.458829
0.454279
0.446179
0.446464
0.452307
0.451995
0.457076
0.464693
0.462215
0.466878
0.470743
0.466582
0.469426
0.473535
0.471984
0.471996
0.470987
0.471617
0.472171
0.473837
0.477039
0.474859
0.472144
0.470380
0.466782
0.462126
0.463104
0.464296
0.465778
0.469167
0.468668
0.473353
0.480823
0.480566
0.481773
0.481467
0.476710
0.472536
0.475896
0.476582
0.475238
0.479458
0.482954
0.484567
0.487212
0.488857
0.487999
0.483993
0.481906
0.482316
0.479851
0.483882
0.484432
0.481189
0.483000
0.485302
0.484987
0.496176
0.500233
0.500117
0.505965
0.503674
0.507128
0.513643
0.516371
0.516771
0.515795
0.514631
0.518484
0.515960
0.519125
0.521868
0.525123
0.526117
0.521211
0.526330
0.524681
0.527736
0.527211
0.527702
0.526529
0.526222
0.522182
0.520375
0.517134
0.517165
0.518408
0.515413
0.518197
0.524531
0.527079
0.520029
0.513595
0.513535
0.515223
0.512413
0.510214
0.509789
0.510720
0.508712
0.510121
0.509359
0.505436
0.500355
0.491759
0.485789
0.492451
0.497158
0.501400
0.511817
0.510761
0.509225
0.512921
0.505128
0.507017
0.508280
0.510207
0.512894
0.519533
0.527081
0.537700
0.547476
0.560882
0.558414
0.553944
0.563955
0.561267
0.559026
0.555163
0.547024
0.546497
0.545288
0.540497
0.551226
0.550684
0.545546
0.543217
0.536514
0.548886
0.551936
0.547094
0.559224
0.552288
0.564104
0.571764
0.571097
0.583197
0.576026
0.576034
0.583767
0.571242
0.572206
0.582958
0.578501
0.567721
0.556471
0.567261
0.563383
0.545399
0.538841
0.541116
0.541261
0.545839
0.531101
0.521445
0.535223
0.540320
0.532026
0.531759
0.529806
0.538264
0.540858
0.540667
0.532419
0.540826
0.538212
0.530520
0.547563
0.557347
0.577261
0.605882
0.593707
0.600955
0.617002
0.617627
0.588422
0.578710
0.574210
0.556407
0.566988
0.567582
0.575013
0.563865
0.555109
0.556526
0.562537
0.549799
0.556088
0.540430
0.540786
0.537085
0.540080
0.539859
0.549108
0.595122
0.598366
0.578619
0.567122
0.569891
0.560741
0.556123
0.569042
0.594455
0.610803
0.576209
0.577654
0.621827
0.620907
0.608819
0.615568
0.652171
0.694639
0.708059
0.681716
0.722228
0.769350
0.769648
0.785158
0.774939
0.767000
0.769581
0.742215
0.717999
0.749226
0.757537
0.764351
0.719475
0.690728
0.702753
0.700560
0.669470
0.670294
0.675261
0.683836
0.697966
0.705862
0.680382
0.715473
0.716180
0.705539
0.694126
0.690873
0.682609
0.695197
0.673041
0.684291
0.688806
0.698241
0.695370
0.687303
0.708304
0.709117
0.704451
0.722445
0.724407
0.725341
0.713080
0.725012
0.768271
0.761935
0.761515
0.768819
0.766210
0.738525
0.727053
0.690531
0.670813
0.664592
0.667978
0.662892
0.654568
0.651850
0.643843
0.643005
0.623299
0.628454
0.618775
0.630916
0.605473
0.603634
0.611728
0.630923
0.609121
0.622795
0.631085
0.641665
0.624838
0.591798
0.589369
0.599221
0.589500
0.591844
0.595832
0.627086
0.616907
0.624700
0.606323
0.618654
0.633351
0.641841
0.635283
0.638221
0.640006
0.639564
0.626958
0.651422
0.660522
0.675800
0.711228
0.689504
0.677087
0.685107
0.675091
0.691959
0.709891
0.707587
0.731568
0.700852
0.720410
0.726059
0.695252
0.689794
0.702887
0.716472
0.717300
0.707554
0.672702
0.669968
0.661121
0.644301
0.640346
0.634955
0.601727
0.586959
0.597950
0.593609
0.577420
0.558080
0.578233
0.577145
0.579144
0.563844
0.558540
0.568947
0.582005
0.587665
0.623336
0.627415
0.618919
0.621494
0.604275
0.620747
0.615699
0.619832
0.641489
0.615661
0.613916
0.622502
0.608078
0.625899
0.611812
0.612845
0.604767
0.593252
0.588202
0.577093
0.581352
0.566021
0.585517
0.584358
0.581609
0.573340
0.569924
0.567885
0.568872
0.577422
0.579855
0.588568
0.568781
0.560031
0.556745
0.557442
0.560335
0.559443
0.538304
0.546095
0.526114
0.507781
0.496700
0.494682
0.477432
0.468235
0.461578
0.446990
0.451955
0.448745
0.433871
0.433105
0.421423
0.412246
0.415953
0.415666
0.410623
0.406581
0.404628
0.407517
0.408694
0.407688
0.405005
0.419510
0.423564
0.427955
0.433209
0.437277
0.422070
0.415870
0.419920
0.407018
0.405049
0.407505
0.404456
0.399586
0.395351
0.395829
0.386314
0.386058
0.386589
0.385644
0.384163
0.385605
0.386945
0.385691
0.381872
0.372263
0.359045
0.345941
0.319037
0.303591
0.284973
0.260252
0.245148
0.249738
0.245175
0.257344
0.271289
0.250327
0.263089
0.272376
0.260961
0.266253
0.277797
0.296701
0.307321
0.318861
0.314987
0.335874
0.350738
0.345633
0.349226
0.349071
0.352028
0.359633
0.355506
0.345633
0.349634
0.347655
0.343146
0.345557
0.348682
0.352546
0.354115
0.339501
0.338235
0.360339
0.366028
0.361047
0.364577
0.364164
0.353304
0.359145
0.353933
0.350917
0.353050
0.341419
0.330696
0.343236
0.349258
0.352350
0.354611
0.346878
0.346348
0.356479
0.353984
0.342587
0.343662
0.343256
0.339471
0.341162
0.351424
0.357577
0.359597
0.349326
0.339181
0.348408
0.353939
0.350243
0.352842
0.354212
0.350626
0.357536
0.359811
0.359816
0.357590
0.354874
0.354110
0.351318
0.352242
0.353842
0.351097
0.354392
0.354854
0.352166
0.355102
0.357436
0.355775
0.353632
0.355745
0.355772
0.357060
0.358653
0.356622
0.357140
0.355327
0.352700
0.352771
0.353242
0.353851
0.352278
0.350399
0.350595
0.355041
0.352365
0.351401
0.353009
0.351631
0.353158
0.352266
0.350688
0.351830
0.355631
0.353068
0.349015
0.349125
0.348822
0.350753
0.353040
0.350436
0.349657
0.350299
0.349327
0.353902
0.358343
0.359227
0.359112
0.359034
0.353994
0.350654
0.352523
0.355114
0.357946
0.358011
0.359057
0.360748
0.360037
0.359650
0.358824
0.357806
0.355707
0.357155
0.358964
0.357819
0.359760
0.362764
0.362896
0.363376
0.363081
0.361541
0.362615
0.361544
0.359257
0.357459
0.358509
0.359635
0.361434
0.362802
0.362322
0.363017
0.361487
0.358152
0.356066
0.355952
0.357040
0.356530
0.357933
0.359258
0.361713
0.358754
0.356139
0.356981
0.359713
0.360023
0.360001
0.361456
0.359880
0.360112
0.362240
0.362770
0.362993
0.362830
0.362286
0.364233
0.359754
0.360551
0.365208
0.364723
0.364085
0.360942
0.359745
0.362398
0.360139
0.359534
0.361699
0.360176
0.362562
0.362967
0.362170
0.365301
0.364259
0.359950
0.360846
0.361599
0.365050
0.365828
0.365261
0.366197
0.367633
0.368406
0.364260
0.362289
0.361279
0.356364
0.357208
0.355790
0.351253
0.348804
0.345012
0.344150
0.341855
0.338953
0.336140
0.334541
0.333428
0.336263
0.343850
0.347649
0.347282
0.348872
0.344085
0.341028
0.342844
0.344510
0.341661
0.343100
0.343591
0.340938
0.336073
0.338021
0.338516
0.334494
0.334140
0.333444
0.335362
0.333624
0.331117
0.329991
0.333837
0.329790
0.323676
0.326459
0.329549
0.328673
0.324579
0.323014
0.322080
0.323814
0.324047
0.327403
0.331145
0.330700
0.328346
0.324277
0.326216
0.326358
0.324585
0.323033
0.323093
0.321067
0.321262
0.323557
0.325499
0.328576
0.328319
0.323711
0.324075
0.327980
0.328598
0.327645
0.324626
0.322851
0.321205
0.321887
0.323244
0.322486
0.322062
0.319538
0.314160
0.307495
0.307793
0.308617
0.306273
0.301181
0.292760
0.291357
0.291964
0.290440
0.292981
0.294406
0.295335
0.305802
0.314152
0.318232
0.318812
0.322686
0.322568
0.323217
0.327411
0.328490
0.328660
0.326457
0.325023
0.324832
0.324424
0.320411
0.319164
0.317778
0.314638
0.312921
0.315826
0.314343
0.314389
0.307778
0.301804
0.304194
0.306106
0.305255
0.305355
0.302916
0.297600
0.302927
0.301376
0.303492
0.310528
0.306716
0.304161
0.303592
0.294365
0.292391
0.294005
0.294110
0.291898
0.289118
0.283636
0.286348
0.292087
0.292680
0.296233
0.291411
0.280865
0.282388
0.283906
0.281119
0.274458
0.272183
0.265111
0.258386
0.268306
0.269909
0.279519
0.286126
0.283287
0.274480
0.277354
0.283990
0.287765
0.289326
0.284290
0.283235
0.286056
0.287711
0.293287
0.293207
0.285453
0.285440
0.278267
0.273408
0.281687
0.278458
0.272234
0.269612
0.271427
0.269540
0.269183
0.273716
0.271280
0.276187
0.274607
0.266621
0.264575
0.277498
0.288774
0.295611
0.302732
0.301302
0.302384
0.306307
0.308793
0.314667
0.314599
0.317058
0.318360
0.316784
0.317850
0.320250
0.322975
0.326647
0.324876
0.319815
0.320785
0.321092
0.317546
0.314574
0.307794
0.303360
0.304685
0.297859
0.299113
0.298235
0.299778
0.301486
0.298377
0.297549
0.303169
0.311265
0.317879
0.323019
0.313277
0.310399
0.315204
0.319667
0.322876
0.322425
0.317976
0.311560
0.300964
0.295292
0.302832
0.315220
0.319202
0.308785
0.312608
0.321558
0.311081
0.308146
0.310206
0.311242
0.316554
0.308939
0.298878
0.300984
0.296167
0.289738
0.309766
0.321370
0.326881
0.331802
0.336450
0.332997
0.338901
0.348047
0.352774
0.356591
0.355331
0.358149
0.360489
0.361563
0.354006
0.349640
0.343959
0.344909
0.343015
0.339817
0.342844
0.343826
0.347629
0.351051
0.349242
0.351596
0.349608
0.342615
0.346604
0.349018
0.347785
0.353671
0.354480
0.352014
0.354373
0.353525
0.348751
0.354306
0.350782
0.332858
0.324118
0.322225
0.329440
0.335787
0.342561
0.346421
0.353879
0.356509
0.358863
0.357874
0.360904
0.365880
0.356982
0.353519
0.353097
0.353607
0.351607
0.350445
0.344213
0.342111
0.338838
0.333304
0.330965
0.334217
0.335319
0.336280
0.335482
0.333960
0.335276
0.331563
0.331597
0.334740
0.342283
0.348072
0.353536
0.357761
0.362557
0.368361
0.376092
0.385753
0.395359
0.401846
0.406928
0.406536
0.400995
0.403972
0.410279
0.409642
0.408988
0.409846
0.399559
0.394619
0.395950
0.396039
0.395085
0.406587
0.394316
0.390132
0.377623
0.379952
0.388686
0.385948
0.392161
0.396083
0.402406
0.402644
0.406998
0.416111
0.417062
0.409132
0.403810
0.404270
0.405202
0.410126
0.410038
0.409525
0.407358
0.412465
0.406259
0.402290
0.402956
0.397920
0.395918
0.397316
0.398884
0.406072
0.411450
0.407525
0.414817
0.419775
0.415047
0.412781
0.407609
0.408614
0.407674
0.405396
0.403664
0.403447
0.406339
0.403891
0.405376
0.406953
0.407988
0.402523
0.405652
0.406621
0.407183
0.407508
0.409744
0.410416
0.415369
0.420669
0.422443
0.426254
0.429974
0.424176
0.422962
0.426834
0.418800
0.414127
0.414350
0.417996
0.416111
0.425006
0.420252
0.418688
0.422892
0.424646
0.417403
0.415336
0.408874
0.404638
0.406129
0.396675
0.393393
0.390417
0.385630
0.384404
0.386006
0.386462
0.383661
0.380519
0.364366
0.357078
0.346133
0.331605
0.312331
0.303202
0.281226
0.266098
0.269374
0.271113
0.273541
0.278678
0.259164
0.237960
0.239674
0.245872
0.259668
0.271867
0.293370
0.315146
0.318176
0.327786
0.325997
0.319351
0.315972
0.314303
0.316308
0.316790
0.322398
0.316141
0.311626
0.302362
0.309003
0.313360
0.319404
0.310929
0.309816
0.321523
0.316321
0.319449
0.324911
0.337701
0.344976
0.349097
0.352112
0.350123
0.362521
0.369341
0.368882
0.374126
0.371857
0.368411
0.365808
0.366538
0.379100
0.381104
0.382801
0.386143
0.381912
0.378258
0.379751
0.372312
0.371767
0.370792
0.365225
0.375222
0.382076
0.384225
0.397587
0.393401
0.389535
0.390487
0.388611
0.385560
0.383687
0.381545
0.373073
0.369475
0.375397
0.381917
0.382992
0.386677
0.387344
0.396759
0.403306
0.403641
0.403344
0.399877
0.397018
0.399159
0.403315
0.398862
0.399028
0.394341
0.395107
0.396656
0.399974
0.402558
0.403487
0.392395
0.387406
0.386788
0.392820
0.394812
0.394637
0.396613
0.391660
0.394305
0.399319
0.394132
0.394187
0.390767
0.384144
0.383889
0.385574
0.383940
0.384007
0.383598
0.377651
0.380666
0.383087
0.386025
0.390751
0.387093
0.384677
0.380983
0.383768
0.383801
0.384452
0.385887
0.385641
0.384368
0.378387
0.374317
0.374916
0.375847
0.372498
0.367374
0.367242
0.367945
0.367586
0.371617
0.371881
0.375146
0.378849
0.377247
0.374707
0.376678
0.380841
0.374319
0.374779
0.373564
0.374714
0.371004
0.361423
0.361578
0.359631
0.354998
0.356407
0.354083
0.352741
0.355234
0.353641
0.357816
0.361706
0.360088
0.358179
0.359034
0.359870
0.362223
0.363004
0.357439
0.356020
0.354525
0.355424
0.356283
0.360808
0.360843
0.355958
0.350678
0.348115
0.348846
0.349895
0.351372
0.353282
0.355292
0.358558
0.358218
0.359346
0.364192
0.365407
0.364908
0.364171
0.362651
0.365917
0.369457
0.368200
0.366966
0.369285
0.368438
0.365207
0.368019
0.368350
0.370050
0.372701
0.370891
0.370908
0.376503
0.377038
0.372301
0.368669
0.367352
0.364050
0.362165
0.363956
0.366427
0.369562
0.369479
0.367868
0.370854
0.370947
0.367901
0.367863
0.368077
0.367852
0.370376
0.373129
0.372409
0.377566
0.379743
0.378005
0.377448
0.377150
0.371987
0.372311
0.376114
0.371633
0.375413
0.379249
0.380850
0.377843
0.374434
0.369767
0.376197
0.374391
0.377720
0.382171
0.374351
0.377081
0.379529
0.372941
0.375800
0.383066
0.380027
0.385408
0.382180
0.383935
0.386763
0.380963
0.378160
0.374852
0.373267
0.374634
0.373250
0.374539
0.378128
0.376891
0.377526
0.380318
0.377227
0.371892
0.373637
0.372448
0.374233
0.370984
0.372802
0.375774
0.380992
0.382686
0.383152
0.385281
0.384136
0.382482
0.382191
0.383841
0.379858
0.376596
0.373640
0.377691
0.379203
0.377249
0.374876
0.376776
0.374201
0.378044
0.384807
0.382123
0.381563
0.384798
0.383944
0.386580
0.385505
0.385474
0.384413
0.384468
0.383569
0.385447
0.385977
0.387804
0.390309
0.392295
0.390199
0.392087
0.389147
0.385832
0.379451
0.382360
0.387771
0.385638
0.384249
0.387343
0.392269
0.389294
0.386270
0.386782
0.382071
0.375264
0.373882
0.370192
0.367374
0.375159
0.375468
0.373645
0.378925
0.380823
0.380336
0.377965
0.377769
0.381226
0.380122
0.379964
0.384042
0.388541
0.386850
0.384866
0.384570
0.383360
0.383087
0.378637
0.384188
0.384729
0.382218
0.383070
0.381872
0.379043
0.380655
0.379674
0.377309
0.376416
0.374845
0.371854
0.368394
0.366880
0.365575
0.366508
0.364443
0.360001
0.359971
0.357007
0.356861
0.357325
0.359469
0.362087
0.364180
0.362377
0.360585
0.361834
0.362988
0.361419
0.363936
0.366406
0.365450
0.369761
0.368465
0.365111
0.363943
0.362857
0.362201
0.362613
0.358567
0.357583
0.358624
0.356104
0.355286
0.357764
0.359257
0.359028
0.362225
0.358816
0.357608
0.357769
0.355910
0.352998
0.354655
0.356748
0.356288
0.356656
0.355133
0.354876
0.357015
0.360640
0.366047
0.368135
0.370779
0.368715
0.367446
0.369887
0.370319
0.369252
0.368777
0.367983
0.365898
0.362457
0.363971
0.367842
0.365021
0.364150
0.362404
0.363826
0.369132
0.372039
0.371206
0.375295
0.377820
0.379084
0.381265
0.383345
0.387299
0.389775
0.384603
0.384429
0.385611
0.387049
0.390146
0.390289
0.387913
0.384957
0.382734
0.377475
0.379537
0.380442
0.384014
0.384779
0.384142
0.381985
0.382232
0.383472
0.381774
0.379478
0.377501
0.372804
0.369303
0.362635
0.358084
0.351572
0.347770
0.341277
0.336196
0.336055
0.333368
0.329419
0.327946
0.329804
0.331197
0.335465
0.337626
0.334236
0.328586
0.325196
0.325638
0.317173
0.315986
0.319810
0.309380
0.311748
0.309249
0.312676
0.319440
0.317031
0.315452
0.319980
0.316881
0.313738
0.313316
0.308262
0.309138
0.306870
0.302867
0.301651
0.311162
0.317670
0.322897
0.318398
0.312579
0.315703
0.317446
0.306873
0.297556
0.298007
0.303818
0.301843
0.304508
0.306607
0.316691
0.323780
0.316907
0.319413
0.311087
0.310679
0.303439
0.300859
0.307001
0.309070
0.313320
0.309031
0.293688
0.277000
0.289370
0.294622
0.308602
0.314434
0.303603
0.295814
0.290192
0.287227
0.292589
0.305403
0.304373
0.303591
0.297190
0.302920
0.310700
0.323630
0.321649
0.320177
0.317755
0.312632
0.317612
0.317706
0.320373
0.324838
0.324405
0.317731
0.318630
0.320352
0.319806
0.318952
0.314841
0.317799
0.325223
0.330265
0.340391
0.356562
0.361295
0.360133
0.354710
0.348944
0.351597
0.364294
0.358160
0.354007
0.357682
0.349989
0.351644
0.352855
0.340306
0.338146
0.334263
0.318696
0.331541
0.337508
0.336635
0.343793
0.337324
0.325664
0.320458
0.332409
0.333067
0.325829
0.322556
0.315829
0.311865
0.318685
0.318250
0.312600
0.306512
0.286987
0.272497
0.279310
0.287244
0.281158
0.280187
0.283867
0.280432
0.287543
0.285494
0.294484
0.305860
0.308399
0.308260
0.313435
0.321434
0.327601
0.329768
0.327672
0.329693
0.335751
0.341431
0.341293
0.344100
0.341346
0.337644
0.339343
0.338587
0.340507
0.345597
0.340973
0.338845
0.346251
0.352552
0.346817
0.346069
0.349056
0.349035
0.347202
0.346273
0.346396
0.352225
0.352048
0.345182
0.340129
0.343740
0.348897
0.344347
0.346714
0.349039
0.355710
0.363258
0.361886
0.360007
0.358712
0.358379
0.353229
0.354435
0.354695
0.359111
0.366584
0.369424
0.369436
0.368770
0.372212
0.373042
0.377550
0.378434
0.379666
0.378741
0.374329
0.369783
0.381462
0.383359
0.384027
0.383198
0.386971
0.395825
0.397557
0.400047
0.400350
0.408591
0.408125
0.415943
0.427966
0.433710
0.440948
0.444034
0.448598
0.450758
0.445300
0.433109
0.432497
0.424827
0.440407
0.448187
0.458313
0.450747
0.455735
0.452048
0.452421
0.454971
0.453475
0.445995
0.432456
0.429405
0.430757
0.453651
0.481280
0.494082
0.518978
0.524228
0.557631
0.570539
0.557461
0.585094
0.581488
0.563665
0.560041
0.562633
0.566519
0.567273
0.566691
0.588632
0.599598
0.612693
0.594827
0.581528
0.563634
0.576157
0.583878
0.577520
0.582785
0.608664
0.618480
0.639643
0.638657
0.640830
0.629393
0.630274
0.615624
0.631821
0.644773
0.606774
0.637487
0.655317
0.684229
0.699891
0.725866
0.717989
0.682052
0.693154
0.669462
0.667904
0.688546
0.652697
0.662817
0.646679
0.633902
0.640969
0.610575
0.606927
0.591008
0.597185
0.564311
0.533515
0.543781
0.526670
0.519508
0.546148
0.545005
0.569794
0.539924
0.537114
0.528701
0.521624
0.510852
0.500392
0.494333
0.486361
0.482227
0.489096
0.502110
0.485618
0.484948
0.468301
0.453879
0.447153
0.445405
0.466248
0.479903
0.493666
0.506900
0.513232
0.503746
0.502199
0.503321
0.499796
0.511823
0.523133
0.537290
0.537470
0.527537
0.538104
0.544840
0.538714
0.548516
0.551112
0.567540
0.578185
0.565014
0.575922
0.564245
0.560034
0.567149
0.575731
0.549303
0.539983
0.534284
0.538817
0.541653
0.545321
0.549795
0.547153
0.553733
0.568795
0.576016
0.572707
0.566041
0.575517
0.571490
0.563575
0.574506
0.567153
0.594618
0.592102
0.602479
0.599731
0.567960
0.561590
0.564152
0.561952
0.551065
0.550005
0.553121
0.560109
0.563098
0.568161
0.564084
0.573571
0.568685
0.557044
0.544331
0.541016
0.551595
0.555967
0.560591
0.575742
0.573074
0.588147
0.574485
0.572695
0.582385
0.568792
0.559723
0.557107
0.561648
0.564325
0.555037
0.553409
0.565556
0.564834
0.560628
0.556717
0.541926
0.535204
0.533459
0.531028
0.529614
0.531741
0.530024
0.528893
0.518283
0.512369
0.516008
0.514718
0.509262
0.504048
0.503437
0.502895
0.504788
0.514833
0.514703
0.512870
0.509888
0.507687
0.502921
0.505623
0.503517
0.509288
0.513425
0.515979
0.508037
0.506061
0.500632
0.498812
0.495198
0.494335
0.492802
0.494338
0.501625
0.513445
0.525146
0.536049
0.535798
0.536849
0.541030
0.536264
0.537180
0.544333
0.539237
0.551438
0.556019
0.548290
0.548977
0.545921
0.537051
0.537948
0.533427
0.538067
0.535261
0.534430
0.536247
0.541404
0.543325
0.540087
0.540513
0.541612
0.539786
0.536787
0.530461
0.530221
0.530630
0.521837
0.519305
0.520628
0.522266
0.523452
0.512064
0.508907
0.506798
0.515424
0.511600
0.506535
0.521511
0.520242
0.510828
0.512750
0.522869
0.517464
0.519496
0.528640
0.527270
0.527368
0.528262
0.530490
0.521977
0.524193
0.512774
0.518477
0.516996
0.513210
0.517547
0.516742
0.507270
0.520427
0.520282
0.518463
0.523184
0.524389
0.512953
0.519886
0.518620
0.525701
0.517693
0.521122
0.521919
0.522534
0.520303
0.518020
0.518796
0.518649
0.518873
0.515703
0.511056
0.508912
0.508426
0.508679
0.507671
0.512567
0.512447
0.511820
0.509933
0.509505
0.510115
0.512391
0.510758
0.509700
0.512895
0.515538
0.515476
0.519764
0.519179
0.520183
0.518707
0.514560
0.516119
0.517692
0.516125
0.512272
0.515010
0.514707
0.514576
0.511887
0.511658
0.508240
0.510918
0.507951
0.506851
0.498905
0.497833
0.494696
0.496499
0.499379
0.502587
0.506816
0.509994
0.507380
0.505009
0.508574
0.508294
0.507442
0.512615
0.505392
0.508248
0.508580
0.512389
0.515162
0.514333
0.513944
0.514672
0.515039
0.515621
0.516051
0.516979
0.513427
0.514129
0.516118
0.516221
0.514229
0.511305
0.511858
0.509775
0.512139
0.510426
0.510378
0.513129
0.512245
0.510816
0.509289
0.507459
0.508894
0.509279
0.509449
0.510675
0.513734
0.510436
0.509218
0.509750
0.505781
0.503566
0.502254
0.504029
0.508204
0.511996
0.511979
0.512052
0.512486
0.517131
0.518484
0.513982
0.512596
0.512682
0.511823
0.514533
0.512360
0.517052
0.517705
0.512722
0.510647
0.512404
0.515015
0.513507
0.513291
0.513386
0.517025
0.519783
0.520751
0.520698
0.526722
0.532315
0.533586
0.537762
0.536983
0.537998
0.536915
0.534142
0.534418
0.537979
0.535087
0.530011
0.526956
0.526763
0.525695
0.525857
0.520425
0.516667
0.514125
0.512156
0.514493
0.513956
0.514132
0.517065
0.513124
0.514342
0.514910
0.513267
0.517967
0.517178
0.516153
0.519910
0.519234
0.512976
0.514955
0.512966
0.511582
0.511311
0.509460
0.504539
0.507789
0.509462
0.507609
0.507603
0.506149
0.505862
0.503855
0.503042
0.501725
0.502003
0.503853
0.500631
0.503732
0.509160
0.506100
0.509124
0.508288
0.505338
0.499998
0.497337
0.494266
0.491938
0.490995
0.488979
0.486269
0.484512
0.482225
0.480261
0.475055
0.471147
0.473491
0.471746
0.466930
0.469123
0.472228
0.473772
0.466588
0.468970
0.473771
0.470360
0.472347
0.473644
0.468197
0.467750
0.468139
0.470926
0.475130
0.478413
0.478617
0.477166
0.479128
0.485403
0.485734
0.484557
0.480978
0.478274
0.476749
0.479076
0.479180
0.479450
0.479966
0.484492
0.491241
0.488484
0.487193
0.474877
0.460875
0.461723
0.451703
0.448641
0.456283
0.455018
0.453830
0.448510
0.464090
0.479812
0.476016
0.474224
0.470233
0.463402
0.478392
0.478620
0.483435
0.502129
0.498480
0.496244
0.502069
0.490248
0.496058
0.497146
0.492092
0.498937
0.503759
0.502189
0.495566
0.489888
0.494212
0.490528
0.495698
0.492316
0.489099
0.496844
0.491572
0.486833
0.491958
0.486921
0.485468
0.488619
0.487389
0.495332
0.514742
0.517790
0.524455
0.536407
0.536388
0.528790
0.531718
0.532957
0.530230
0.528631
0.533270
0.536497
0.535080
0.520172
0.516779
0.505291
0.491529
0.495663
0.496419
0.493297
0.494327
0.510643
0.514472
0.512748
0.519640
0.519102
0.526685
0.522607
0.511489
0.507584
0.495682
0.485381
0.481685
0.474955
0.465168
0.466958
0.468740
0.463508
0.466999
0.470483
0.469807
0.468428
0.463707
0.466144
0.472790
0.478059
0.487944
0.483933
0.491137
0.492288
0.490122
0.491201
0.490957
0.484931
0.478533
0.477352
0.481594
0.481430
0.492381
0.493837
0.492222
0.488450
0.481671
0.477332
0.472534
0.466059
0.460876
0.458065
0.461678
0.465146
0.468877
0.477091
0.474904
0.481241
0.485254
0.486803
0.491757
0.497095
0.497862
0.495422
0.496265
0.503839
0.504486
0.501118
0.504372
0.506429
0.499778
0.503927
0.510818
0.515339
0.518464
0.515234
0.516460
0.526802
0.533540
0.539377
0.544584
0.533229
0.532435
0.539338
0.549400
0.545589
0.541936
0.537398
0.539134
0.544322
0.536529
0.534081
0.532810
0.527803
0.524796
0.525925
0.534561
0.522229
0.521055
0.515162
0.504508
0.505042
0.506196
0.493432
0.493948
0.490562
0.490004
0.492686
0.498499
0.489944
0.499879
0.489028
0.477983
0.481568
0.485053
0.482277
0.478088
0.484410
0.491202
0.496510
0.502793
0.493825
0.497569
0.498809
0.493838
0.492196
0.488974
0.485442
0.479882
0.470576
0.466995
0.472909
0.509387
0.571284
0.629016
0.669696
0.593835
0.564870
0.641515
0.567163
0.553762
0.621764
0.516515
0.505234
0.553029
0.583601
0.691338
0.570717
0.573196
0.590750
0.574852
0.530527
0.521523
0.498217
0.480788
0.518987
0.585216
0.586837
0.605625
0.566803
0.607396
0.537637
0.547402
0.531906
0.539076
0.541045
0.584690
0.608178
0.618879
0.638178
0.628887
0.637924
0.628946
0.612379
0.606732
0.619507
0.575873
0.559749
0.564370
0.575056
0.549553
0.555343
0.570660
0.552138
0.546776
0.544983
0.545667
0.540422
0.539015
0.531863
0.557949
0.576613
0.561847
0.558921
0.561503
0.565440
0.569319
0.544335
0.554492
0.553171
0.554076
0.557915
0.549501
0.550639
0.555716
0.548072
0.574054
0.579089
0.565958
0.588127
0.592831
0.592442
0.592796
0.589243
0.594195
0.589602
0.577866
0.579877
0.586892
0.613550
0.594352
0.628081
0.644439
0.635179
0.589295
0.597561
0.610068
0.632370
0.604703
0.627815
0.625534
0.626421
0.587987
0.609758
0.587953
0.593569
0.577160
0.592140
0.604626
0.580620
0.568756
0.584452
0.576559
0.575146
0.574481
0.568093
0.569571
0.572605
0.576710
0.566468
0.571093
0.566974
0.562650
0.551579
0.559248
0.563890
0.560108
0.564042
0.559553
0.573418
0.588031
0.579304
0.589606
0.607165
0.610524
0.608833
0.606497
0.612440
0.619113
0.639007
0.623135
0.609250
0.621412
0.628677
0.607060
0.609250
0.624888
0.639912
0.640139
0.639314
0.661804
0.675812
0.674196
0.669492
0.704507
0.692529
0.676030
0.694242
0.709888
0.696963
0.689450
0.684022
0.704761
0.681282
0.698883
0.701059
0.696256
0.704345
0.718056
0.709840
0.711304
0.722421
0.726971
0.721047
0.747963
0.775297
0.751093
0.764022
0.764302
0.778636
0.770846
0.761273
0.751552
0.750143
0.743698
0.769129
0.786531
0.778304
0.768608
0.761079
0.753289
0.763501
0.767564
0.775952
0.786928
0.784997
0.785970
0.783899
0.784376
0.774793
0.779245
0.774115
0.768173
0.755822
0.736576
0.763451
0.750552
0.739487
0.749734
0.756736
0.763386
0.750998
0.713194
0.730022
0.745786
0.723225
0.723437
0.753790
0.761633
0.780183
0.759435
0.751664
0.734906
0.739847
0.716283
0.695290
0.703732
0.735816
0.730100
0.715040
0.715603
0.722765
0.740838
0.722227
0.703842
0.727566
0.715641
0.689484
0.692047
0.721016
0.718394
0.700780
0.714057
0.744888
0.734445
0.701852
0.689001
0.703080
0.713002
0.713522
0.688828
0.682029
0.674266
0.674973
0.685301
0.681824
